-1.13413 1.44189
-1.10232 1.40721
-1.07056 1.37260
-1.03883 1.33805
-1.00713 1.30354
-0.97546 1.26909
-0.94382 1.23467
-0.91219 1.20028
-0.88058 1.16593
-0.84898 1.13159
-0.81738 1.09727
-0.78580 1.06297
-0.75422 1.02867
-0.72265 0.99439
-0.69107 0.96010
-0.65950 0.92582
-0.62792 0.89153
-0.59634 0.85724
-0.56475 0.82295
-0.53316 0.78864
-0.50156 0.75433
-0.46996 0.72001
-0.43835 0.68568
-0.40673 0.65133
-0.37510 0.61697
-0.34347 0.58260
-0.31182 0.54821
-0.28018 0.51381
-0.24852 0.47940
-0.21686 0.44498
-0.18519 0.41054
-0.15351 0.37609
-0.12183 0.34163
-0.09014 0.30716
-0.05845 0.27268
-0.02676 0.23819
0.00494 0.20370
0.03663 0.16920
0.06833 0.13469
0.09989 0.10002
0.12590 0.06044
0.15178 0.02068
0.17765 -0.01908
0.20352 -0.05884
0.22938 -0.09859
0.25524 -0.13834
0.28110 -0.17808
0.30695 -0.21781
0.33280 -0.25753
0.35864 -0.29723
0.38448 -0.33693
0.41031 -0.37660
0.43613 -0.41626
0.46195 -0.45590
0.48776 -0.49553
0.51356 -0.53513
0.53936 -0.57472
0.56515 -0.61429
0.59093 -0.65385
0.61671 -0.69338
0.64248 -0.73290
0.66825 -0.77241
0.69402 -0.81191
0.71978 -0.85139
0.74554 -0.89088
0.77130 -0.93035
0.79706 -0.96983
0.82283 -1.00931
0.84860 -1.04880
0.87437 -1.08831
0.90015 -1.12783
0.92595 -1.16739
0.95175 -1.20697
0.97757 -1.24660
1.00341 -1.28627
1.02927 -1.32601
1.05516 -1.36581
1.08107 -1.40569
1.10701 -1.44566
1.13237 -1.48478
