-0.58167 0.84753 -0.25486 0.12099 1.82057 0.50458 -0.65077 -0.62374 0.01123 0.84718 1.43983 1.35382 0.44353 -1.30412 -0.68870 -1.62524 -1.00187 -0.32549 -0.60966 -0.79757 1.08721 0.53954 -1.23415 -1.76493 1.23005 -1.80830 -0.15311 -1.18430 2.45463 -1.03527
-0.43099 0.88523 -0.19678 0.13578 1.89221 0.58152 -0.61590 -0.63929 0.03173 0.85685 1.62657 1.46204 0.43764 -1.32478 -0.69884 -1.60167 -1.00422 -0.29242 -0.58527 -0.85916 1.09977 0.50465 -1.26605 -1.77667 1.24628 -1.82016 -0.19671 -1.12204 2.34405 -1.02469
-0.30693 0.91702 -0.14847 0.14833 1.95062 0.64521 -0.58759 -0.65250 0.04832 0.86417 1.78065 1.54986 0.43266 -1.34169 -0.70723 -1.58246 -1.00659 -0.26536 -0.56544 -0.90998 1.10988 0.47595 -1.29229 -1.78641 1.25944 -1.82987 -0.23263 -1.07072 2.25304 -1.01587
-0.20957 0.94364 -0.10989 0.15889 1.99534 0.69588 -0.56615 -0.66323 0.06079 0.86868 1.90177 1.61633 0.42859 -1.35484 -0.71389 -1.56765 -1.00939 -0.24433 -0.55036 -0.95002 1.11749 0.45356 -1.31279 -1.79410 1.26937 -1.83737 -0.26088 -1.03029 2.18164 -1.00865
-0.13419 0.96583 -0.07933 0.16776 2.02935 0.73584 -0.55028 -0.67160 0.07000 0.87116 1.99608 1.66578 0.42535 -1.36505 -0.71925 -1.55644 -1.01261 -0.22818 -0.53918 -0.98141 1.12306 0.43627 -1.32865 -1.80015 1.27666 -1.84308 -0.28292 -0.99859 2.12603 -1.00263
-0.07549 0.98402 -0.05489 0.17514 2.05589 0.76754 -0.53844 -0.67809 0.07687 0.87254 2.07040 1.70317 0.42276 -1.37315 -0.72372 -1.54791 -1.01595 -0.21574 -0.53090 -1.00640 1.12712 0.42272 -1.34108 -1.80507 1.28204 -1.84750 -0.30033 -0.97335 2.08221 -0.99755
-0.02963 0.99875 -0.03515 0.18119 2.07698 0.79270 -0.52955 -0.68323 0.08201 0.87336 2.12952 1.73179 0.42066 -1.37963 -0.72751 -1.54145 -1.01921 -0.20621 -0.52476 -1.02650 1.13001 0.41197 -1.35089 -1.80916 1.28603 -1.85096 -0.31417 -0.95310 2.04743 -0.99325
0.00583 1.01047 -0.01919 0.18604 2.09372 0.81240 -0.52296 -0.68742 0.08577 0.87387 2.17630 1.75356 0.41891 -1.38477 -0.73073 -1.53666 -1.02221 -0.19906 -0.52030 -1.04256 1.13197 0.40347 -1.35858 -1.81259 1.28895 -1.85364 -0.32510 -0.93697 2.02005 -0.98967
0.03266 1.01960 -0.00644 0.18983 2.10678 0.82748 -0.51821 -0.69090 0.08840 0.87420 2.21271 1.76978 0.41747 -1.38875 -0.73341 -1.53324 -1.02489 -0.19388 -0.51717 -1.05519 1.13320 0.39684 -1.36450 -1.81545 1.29103 -1.85568 -0.33356 -0.92435 1.99889 -0.98674
0.05246 1.02656 0.00364 0.19272 2.11679 0.83871 -0.51493 -0.69380 0.09015 0.87442 2.24055 1.78157 0.41627 -1.39177 -0.73561 -1.53092 -1.02721 -0.19030 -0.51508 -1.06495 1.13386 0.39177 -1.36896 -1.81780 1.29244 -1.85721 -0.33997 -0.91467 1.98287 -0.98439
0.06694 1.03187 0.01170 0.19491 2.12446 0.84698 -0.51273 -0.69632 0.09121 0.87459 2.26186 1.79003 0.41526 -1.39406 -0.73743 -1.52942 -1.02922 -0.18794 -0.51376 -1.07251 1.13410 0.38787 -1.37230 -1.81977 1.29338 -1.85835 -0.34482 -0.90724 1.97078 -0.98250
0.07794 1.03617 0.01861 0.19666 2.13069 0.85330 -0.51129 -0.69872 0.09179 0.87472 2.27911 1.79628 0.41432 -1.39586 -0.73904 -1.52853 -1.03108 -0.18644 -0.51298 -1.07871 1.13401 0.38471 -1.37495 -1.82154 1.29398 -1.85925 -0.34868 -0.90121 1.96116 -0.98085
0.08727 1.04012 0.02539 0.19822 2.13639 0.85866 -0.51034 -0.70136 0.09199 0.87486 2.29495 1.80139 0.41332 -1.39748 -0.74067 -1.52805 -1.03304 -0.18554 -0.51259 -1.08450 1.13362 0.38180 -1.37729 -1.82337 1.29436 -1.86005 -0.35213 -0.89568 1.95252 -0.97922
0.09630 1.04430 0.03297 0.19985 2.14244 0.86389 -0.50973 -0.70454 0.09187 0.87500 2.31166 1.80610 0.41214 -1.39916 -0.74254 -1.52790 -1.03540 -0.18506 -0.51253 -1.09071 1.13287 0.37874 -1.37969 -1.82549 1.29458 -1.86086 -0.35569 -0.88983 1.94358 -0.97734
0.10584 1.04909 0.04207 0.20168 2.14935 0.86939 -0.50942 -0.70864 0.09138 0.87517 2.33074 1.81082 0.41065 -1.40105 -0.74481 -1.52809 -1.03835 -0.18500 -0.51279 -1.09791 1.13170 0.37525 -1.38235 -1.82811 1.29466 -1.86179 -0.35965 -0.88313 1.93353 -0.97502
0.11609 1.05459 0.05291 0.20382 2.15747 0.87540 -0.50947 -0.71361 0.09050 0.87533 2.35279 1.81555 0.40883 -1.40329 -0.74763 -1.52866 -1.04212 -0.18540 -0.51347 -1.10639 1.13001 0.37125 -1.38536 -1.83133 1.29454 -1.86285 -0.36416 -0.87531 1.92199 -0.97207
0.12701 1.06097 0.06580 0.20621 2.16667 0.88164 -0.50994 -0.71994 0.08910 0.87556 2.37792 1.82029 0.40658 -1.40580 -0.75096 -1.52970 -1.04666 -0.18642 -0.51460 -1.11616 1.12774 0.36671 -1.38872 -1.83519 1.29424 -1.86408 -0.36917 -0.86642 1.90899 -0.96852
0.13830 1.06787 0.08031 0.20899 2.17737 0.88845 -0.51095 -0.72684 0.08720 0.87568 2.40599 1.82463 0.40405 -1.40883 -0.75497 -1.53124 -1.05233 -0.18804 -0.51640 -1.12741 1.12483 0.36172 -1.39243 -1.83971 1.29359 -1.86549 -0.37472 -0.85623 1.89437 -0.96404
0.15019 1.07599 0.09721 0.21191 2.18880 0.89491 -0.51252 -0.73591 0.08457 0.87597 2.43703 1.82889 0.40091 -1.41207 -0.75941 -1.53341 -1.05864 -0.19059 -0.51869 -1.13984 1.12121 0.35623 -1.39647 -1.84489 1.29274 -1.86713 -0.38065 -0.84518 1.87841 -0.95899
0.16205 1.08405 0.11520 0.21545 2.20248 0.90245 -0.51479 -0.74448 0.08146 0.87589 2.47103 1.83217 0.39769 -1.41624 -0.76480 -1.53616 -1.06665 -0.19379 -0.52204 -1.15418 1.11683 0.35040 -1.40094 -1.85081 1.29132 -1.86906 -0.38718 -0.83241 1.86043 -0.95242
0.17494 1.09432 0.13651 0.21891 2.21607 0.90862 -0.51779 -0.75714 0.07726 0.87624 2.50817 1.83564 0.39349 -1.42041 -0.77038 -1.53971 -1.07489 -0.19834 -0.52578 -1.16951 1.11160 0.34401 -1.40579 -1.85737 1.28978 -1.87136 -0.39393 -0.81918 1.84120 -0.94556
0.18722 1.10343 0.15778 0.22341 2.23330 0.91692 -0.52161 -0.76731 0.07269 0.87571 2.54826 1.83715 0.38955 -1.42627 -0.77737 -1.54390 -1.08573 -0.20357 -0.53120 -1.18752 1.10544 0.33743 -1.41124 -1.86478 1.28729 -1.87417 -0.40142 -0.80345 1.81923 -0.93618
0.20122 1.11619 0.18370 0.22749 2.24902 0.92234 -0.52647 -0.78442 0.06651 0.87600 2.59155 1.83926 0.38414 -1.43182 -0.78416 -1.54913 -1.09614 -0.21077 -0.53682 -1.20610 1.09827 0.33025 -1.41716 -1.87272 1.28478 -1.87754 -0.40889 -0.78803 1.79623 -0.92714
0.21386 1.12671 0.20811 0.23311 2.26982 0.93097 -0.53228 -0.79711 0.06003 0.87470 2.63743 1.83807 0.37932 -1.43998 -0.79279 -1.55509 -1.11009 -0.21877 -0.54492 -1.22823 1.08995 0.32309 -1.42394 -1.88161 1.28087 -1.88181 -0.41714 -0.76930 1.76978 -0.91434
0.22890 1.14190 0.23829 0.23791 2.28775 0.93521 -0.53958 -0.81925 0.05141 0.87458 2.68642 1.83770 0.37262 -1.44773 -0.80093 -1.56235 -1.12304 -0.22948 -0.55319 -1.25058 1.08037 0.31535 -1.43138 -1.89086 1.27693 -1.88698 -0.42512 -0.75170 1.74235 -0.90255
0.24199 1.15454 0.26574 0.24464 2.31153 0.94307 -0.54807 -0.83641 0.04224 0.87220 2.73732 1.83264 0.36653 -1.45897 -0.81112 -1.57048 -1.14019 -0.24143 -0.56475 -1.27722 1.06933 0.30787 -1.44007 -1.90109 1.27111 -1.89366 -0.43375 -0.73026 1.71094 -0.88589
0.25795 1.17196 0.29949 0.25014 2.33169 0.94543 -0.55858 -0.86441 0.03049 0.87119 2.79126 1.82816 0.35832 -1.47018 -0.82076 -1.58022 -1.15625 -0.25691 -0.57687 -1.30418 1.05659 0.29992 -1.44987 -1.91154 1.26503 -1.90188 -0.44189 -0.71052 1.67814 -0.87062
0.27160 1.18723 0.32965 0.25784 2.35783 0.95106 -0.57080 -0.88827 0.01753 0.86728 2.84627 1.81746 0.35044 -1.48584 -0.83250 -1.59102 -1.17699 -0.27450 -0.59328 -1.33618 1.04187 0.29244 -1.46152 -1.92294 1.25648 -1.91253 -0.45043 -0.68659 1.64082 -0.84944
0.28858 1.20689 0.36629 0.26370 2.38000 0.95007 -0.58577 -0.92407 0.00146 0.86487 2.90448 1.80666 0.34016 -1.50238 -0.84384 -1.60392 -1.19702 -0.29683 -0.61120 -1.36915 1.02472 0.28469 -1.47512 -1.93451 1.24716 -1.92584 -0.45827 -0.66476 1.60112 -0.82976
0.30294 1.22516 0.39870 0.27203 2.40795 0.95151 -0.60334 -0.95745 -0.01695 0.85877 2.96290 1.78757 0.32966 -1.52474 -0.85731 -1.61815 -1.22233 -0.32266 -0.63482 -1.40827 1.00467 0.27762 -1.49157 -1.94696 1.23452 -1.94301 -0.46619 -0.63831 1.55602 -0.80290
0.32138 1.24724 0.43784 0.27764 2.43177 0.94478 -0.62477 -1.00454 -0.03933 0.85433 3.02527 1.76727 0.31627 -1.54955 -0.87074 -1.63535 -1.24773 -0.35519 -0.66162 -1.44971 0.98102 0.27051 -1.51137 -1.95967 1.22024 -1.96467 -0.47313 -0.61430 1.50678 -0.77752
0.33690 1.26915 0.47235 0.28601 2.46100 0.93909 -0.65028 -1.05201 -0.06589 0.84512 3.08710 1.73560 0.30170 -1.58224 -0.88643 -1.65428 -1.27947 -0.39344 -0.69636 -1.49918 0.95289 0.26431 -1.53569 -1.97321 1.20130 -1.99242 -0.47979 -0.58492 1.45054 -0.74310
0.35763 1.29402 0.51407 0.29052 2.48644 0.92312 -0.68146 -1.11601 -0.09777 0.83765 3.15475 1.70080 0.28354 -1.62005 -0.90281 -1.67771 -1.31277 -0.44158 -0.73703 -1.55341 0.91931 0.25832 -1.56556 -1.98737 1.17934 -2.02752 -0.48511 -0.55812 1.38703 -0.70978
0.37539 1.32084 0.55143 0.29807 2.51662 0.90595 -0.71898 -1.18503 -0.13677 0.82407 3.22153 1.65034 0.26252 -1.66871 -0.92167 -1.70350 -1.35412 -0.49886 -0.78899 -1.61870 0.87866 0.25344 -1.60254 -2.00237 1.15069 -2.07205 -0.48978 -0.52478 1.31391 -0.66485
0.39978 1.34932 0.59670 0.30060 2.54441 0.87590 -0.76489 -1.27464 -0.18307 0.81193 3.29753 1.59338 0.23699 -1.72666 -0.94251 -1.73621 -1.39951 -0.57086 -0.85113 -1.69281 0.82985 0.24904 -1.64830 -2.01878 1.11688 -2.12814 -0.49268 -0.49360 1.22844 -0.61970
0.42186 1.38326 0.63920 0.30624 2.57605 0.84102 -0.82090 -1.37694 -0.24120 0.79216 3.37377 1.51484 0.20586 -1.80009 -0.96647 -1.77260 -1.45588 -0.65751 -0.92980 -1.78301 0.76972 0.24586 -1.70530 -2.03625 1.07327 -2.19885 -0.49457 -0.45413 1.12868 -0.55938
0.45159 1.41914 0.69055 0.30699 2.60889 0.78982 -0.89068 -1.50760 -0.31172 0.77128 3.46449 1.42058 0.16786 -1.89110 -0.99473 -1.81954 -1.52195 -0.76776 -1.02732 -1.89096 0.69571 0.24354 -1.77720 -2.05661 1.01975 -2.28896 -0.49426 -0.41331 1.00689 -0.49273
0.48119 1.46754 0.74337 0.31127 2.64586 0.72705 -0.97914 -1.66695 -0.40414 0.73970 3.56108 1.29215 0.11856 -2.00857 -1.02859 -1.87407 -1.60678 -0.90522 -1.15336 -2.02727 0.60084 0.24239 -1.86947 -2.07927 0.94948 -2.40513 -0.49260 -0.35982 0.85858 -0.40281
0.51738 1.52616 0.80563 0.31441 2.68783 0.64451 -1.09084 -1.86788 -0.52084 0.70027 3.67590 1.12917 0.05631 -2.15746 -1.07006 -1.94231 -1.71231 -1.07940 -1.31315 -2.19725 0.48105 0.24226 -1.98695 -2.10628 0.86035 -2.55358 -0.48883 -0.29591 0.67413 -0.29198
0.55630 1.60191 0.87346 0.32102 2.73436 0.54717 -1.22566 -2.10720 -0.66476 0.64955 3.80160 0.92712 -0.02065 -2.33844 -1.11887 -2.02103 -1.84101 -1.28779 -1.50745 -2.40227 0.33514 0.24280 -2.12976 -2.13654 0.75107 -2.73407 -0.48377 -0.21814 0.45557 -0.15566
