0.21277 0.28176 0.35530 0.43223 0.51081 0.58958 0.66818 0.74732 0.82792 0.91045 0.99614 1.08186 1.16787 1.24676 1.32227 1.39128 1.45646 1.51586 1.57237 1.62563 1.67735 1.72832 1.77931 1.83084 1.88289 1.93504 1.98813 2.04244 2.09738 2.15328 2.20986 2.26664 2.31743 2.36152 2.39834 2.42848 2.45368 2.47574 2.49664 2.51944 2.90972
0.13714 0.20948 0.28260 0.35895 0.43702 0.51558 0.59428 0.67361 0.75431 0.83725 0.92197 1.00778 1.09142 1.17118 1.24555 1.31513 1.37958 1.43976 1.49614 1.54989 1.60183 1.65302 1.70415 1.75567 1.80759 1.85991 1.91308 1.96719 2.02220 2.07803 2.13444 2.18926 2.23969 2.28339 2.32015 2.35054 2.37595 2.39814 2.41924 2.56361 2.82026
0.11398 0.18014 0.24581 0.32164 0.39928 0.47764 0.55638 0.63586 0.71679 0.79959 0.88416 0.96898 1.05205 1.13122 1.20556 1.27487 1.33943 1.39968 1.45637 1.51035 1.56260 1.61397 1.66524 1.71676 1.76864 1.82109 1.87424 1.92833 1.98331 2.03906 2.09479 2.14871 2.19830 2.24174 2.27845 2.30898 2.33458 2.35692 2.41135 2.55014 2.76313
0.09782 0.16637 0.22642 0.29923 0.37647 0.45464 0.53340 0.61302 0.69404 0.77683 0.86098 0.94521 1.02759 1.10633 1.18046 1.24965 1.31423 1.37461 1.43152 1.48578 1.53826 1.58987 1.64124 1.69277 1.74470 1.79714 1.85036 1.90442 1.95936 2.01487 2.07003 2.12312 2.17205 2.21513 2.25180 2.28243 2.30818 2.33849 2.40314 2.54181 2.72653
0.08815 0.15465 0.21444 0.28345 0.35968 0.43766 0.51642 0.59613 0.67724 0.75992 0.84373 0.92738 1.00918 1.08752 1.16136 1.23051 1.29506 1.35559 1.41269 1.46719 1.51995 1.57173 1.62321 1.67481 1.72673 1.77926 1.83246 1.88653 1.94136 1.99659 2.05120 2.10360 2.15190 2.19466 2.23123 2.26194 2.28998 2.32480 2.40209 2.53311 2.69947
0.08108 0.14672 0.20543 0.27242 0.34679 0.42448 0.50321 0.58299 0.66412 0.74669 0.83014 0.91330 0.99457 1.07248 1.14614 1.21511 1.27975 1.34035 1.39767 1.45240 1.50537 1.55736 1.60896 1.66059 1.71260 1.76510 1.81836 1.87238 1.92711 1.98201 2.03612 2.08788 2.13564 2.17804 2.21452 2.24607 2.27546 2.31923 2.40066 2.52582 2.67849
0.07608 0.14037 0.19908 0.26408 0.33699 0.41391 0.49261 0.57242 0.65356 0.73597 0.81911 0.90179 0.98258 1.06014 1.13348 1.20246 1.26701 1.32780 1.38526 1.44022 1.49342 1.54557 1.59729 1.64903 1.70103 1.75362 1.80684 1.86085 1.91540 1.97001 2.02361 2.07480 2.12205 2.16414 2.20082 2.23286 2.26598 2.31483 2.39955 2.51867 2.66089
0.07229 0.13560 0.19407 0.25790 0.32924 0.40542 0.48386 0.56370 0.64480 0.72706 0.80987 0.89214 0.97249 1.04964 1.12283 1.19159 1.25629 1.31707 1.37477 1.42992 1.48332 1.53565 1.58751 1.63928 1.69139 1.74395 1.79723 1.85114 1.90555 1.95981 2.01296 2.06362 2.11041 2.15233 2.18909 2.22251 2.25830 2.31239 2.39797 2.51206 2.64588
0.06943 0.13182 0.19026 0.25309 0.32319 0.39847 0.47661 0.55636 0.63741 0.71950 0.80202 0.88388 0.96381 1.04066 1.11353 1.18233 1.24687 1.30790 1.36567 1.42105 1.47464 1.52715 1.57911 1.63102 1.68311 1.73577 1.78898 1.84286 1.89705 1.95102 2.00371 2.05389 2.10031 2.14202 2.17924 2.21372 2.25299 2.31045 2.39638 2.50592 2.63286
0.06721 0.12886 0.18724 0.24941 0.31835 0.39279 0.47050 0.55012 0.63108 0.71300 0.79522 0.87671 0.95627 1.03274 1.10550 1.17402 1.23878 1.29972 1.35777 1.41328 1.46708 1.51973 1.57185 1.62379 1.67602 1.72862 1.78189 1.83563 1.88966 1.94328 1.99557 2.04532 2.09137 2.13309 2.17063 2.20674 2.24871 2.30909 2.39458 2.50020 2.62137
0.06549 0.12651 0.18487 0.24650 0.31452 0.38811 0.46535 0.54476 0.62559 0.70733 0.78927 0.87040 0.94958 1.02580 1.09823 1.16686 1.23137 1.29264 1.35066 1.40645 1.46038 1.51323 1.56542 1.61753 1.66972 1.72244 1.77560 1.82930 1.88310 1.93643 1.98832 2.03766 2.08346 2.12513 2.16331 2.20080 2.24551 2.30790 2.39274 2.49486 2.61112
0.06413 0.12464 0.18298 0.24424 0.31145 0.38426 0.46098 0.54013 0.62080 0.70234 0.78400 0.86480 0.94366 1.01952 1.09188 1.16018 1.22500 1.28605 1.34446 1.40026 1.45446 1.50739 1.55978 1.61189 1.66424 1.71688 1.77010 1.82363 1.87726 1.93027 1.98180 2.03079 2.07635 2.11814 2.15686 2.19596 2.24290 2.30689 2.39082 2.48987 2.60188
0.06306 0.12316 0.18150 0.24247 0.30900 0.38108 0.45727 0.53611 0.61658 0.69790 0.77930 0.85978 0.93829 1.01395 1.08596 1.15443 1.21890 1.28041 1.33863 1.39482 1.44904 1.50223 1.55464 1.60695 1.65925 1.71201 1.76509 1.81859 1.87197 1.92471 1.97588 2.02456 2.06997 2.11186 2.15131 2.19184 2.24083 2.30593 2.38889 2.48519 2.59349
0.06221 0.12198 0.18034 0.24109 0.30704 0.37846 0.45412 0.53262 0.61284 0.69394 0.77507 0.85524 0.93346 1.00878 1.08078 1.14886 1.21375 1.27487 1.33364 1.38968 1.44428 1.49746 1.55014 1.60239 1.65488 1.70752 1.76067 1.81396 1.86720 1.91963 1.97050 2.01890 2.06417 2.10629 2.14641 2.18840 2.23910 2.30502 2.38695 2.48080 2.58583
0.06155 0.12105 0.17943 0.24003 0.30550 0.37630 0.45144 0.52956 0.60952 0.69037 0.77123 0.85111 0.92902 1.00417 1.07579 1.14415 1.20854 1.27030 1.32867 1.38529 1.43973 1.49329 1.54589 1.59842 1.65079 1.70360 1.75657 1.80983 1.86280 1.91500 1.96556 2.01373 2.05894 2.10126 2.14215 2.18545 2.23765 2.30413 2.38503 2.47667 2.57879
0.10159 0.17774 0.23822 0.30328 0.37353 0.44816 0.52589 0.60555 0.68616 0.75462 0.80673 0.84641 0.88562 0.93558 0.99883 1.07052 1.13837 1.20336 1.26451 1.32367 1.37987 1.43491 1.48828 1.54127 1.59365 1.64629 1.69891 1.75198 1.80501 1.85786 1.90976 1.96007 2.00803 2.05319 2.09580 2.13741 2.18199 2.23545 2.30230 2.41261 2.56988
0.09418 0.17160 0.23693 0.30165 0.37140 0.44553 0.52286 0.60221 0.67883 0.74593 0.79912 0.84235 0.88497 0.93577 0.99770 1.06553 1.13379 1.19808 1.26015 1.31859 1.37568 1.43027 1.48425 1.53699 1.58977 1.64219 1.69504 1.74788 1.80091 1.85348 1.90519 1.95524 2.00303 2.04820 2.09108 2.13345 2.17918 2.23372 2.31071 2.42103 2.56361
0.08945 0.16718 0.23462 0.30040 0.36969 0.44335 0.52028 0.59816 0.67270 0.73840 0.79270 0.83870 0.88398 0.93577 0.99611 1.06242 1.12901 1.19416 1.25528 1.31491 1.37119 1.42673 1.48022 1.53358 1.58604 1.63884 1.69142 1.74440 1.79716 1.84964 1.90107 1.95092 1.99856 2.04376 2.08697 2.13005 2.17685 2.23548 2.31662 2.42496 2.55769
0.08627 0.16361 0.23249 0.29908 0.36833 0.44154 0.51771 0.59426 0.66710 0.73198 0.78715 0.83540 0.88287 0.93531 0.99499 1.05939 1.12571 1.18956 1.25202 1.31047 1.36813 1.42279 1.47726 1.53008 1.58315 1.63558 1.68848 1.74116 1.79396 1.84615 1.89743 1.94706 1.99459 2.03984 2.08339 2.12718 2.17593 2.23777 2.32108 2.42663 2.55220
0.08396 0.16080 0.23052 0.29786 0.36716 0.43994 0.51527 0.59055 0.66207 0.72637 0.78233 0.83240 0.88160 0.93480 0.99366 1.05740 1.12198 1.18670 1.24766 1.30788 1.36416 1.42034 1.47386 1.52767 1.58015 1.63314 1.68564 1.73854 1.79103 1.84317 1.89418 1.94367 1.99110 2.03643 2.08032 2.12509 2.17580 2.24027 2.32438 2.42721 2.54717
0.08220 0.15854 0.22881 0.29674 0.36613 0.43848 0.51295 0.58707 0.65751 0.72143 0.77808 0.82964 0.88032 0.93402 0.99278 1.05504 1.11982 1.18270 1.24546 1.30383 1.36225 1.41688 1.47199 1.52480 1.57824 1.63063 1.68360 1.73610 1.78870 1.84053 1.89144 1.94072 1.98811 2.03352 2.07787 2.12370 2.17633 2.24274 2.32697 2.42724 2.54264
0.08084 0.15670 0.22733 0.29572 0.36518 0.43711 0.51076 0.58383 0.65338 0.71704 0.77432 0.82712 0.87897 0.93335 0.99152 1.05377 1.11668 1.18094 1.24146 1.30242 1.35863 1.41567 1.46913 1.52354 1.57597 1.62922 1.68160 1.73445 1.78665 1.83851 1.88914 1.93835 1.98564 2.03123 2.07607 2.12304 2.17739 2.24524 2.32917 2.42711 2.53869
0.07975 0.15518 0.22605 0.29480 0.36430 0.43582 0.50870 0.58084 0.64964 0.71312 0.77094 0.82479 0.87770 0.93242 0.99084 1.05171 1.11547 1.17732 1.24049 1.29865 1.35814 1.41267 1.46870 1.52140 1.57536 1.62763 1.68074 1.73302 1.78545 1.83694 1.88755 1.93655 1.98388 2.02961 2.07504 2.12313 2.17901 2.24788 2.33129 2.42711 2.53541
0.07887 0.15393 0.22495 0.29398 0.36348 0.43461 0.50676 0.57807 0.64624 0.70960 0.76790 0.82264 0.87637 0.93174 0.98960 1.05101 1.11262 1.17674 1.23675 1.29880 1.35490 1.41323 1.46655 1.52186 1.57413 1.62778 1.67997 1.73281 1.78473 1.83634 1.88665 1.93565 1.98292 2.02891 2.07492 2.12412 2.18131 2.25090 2.33364 2.42755 2.53299
0.07815 0.15288 0.22400 0.29323 0.36271 0.43346 0.50495 0.57552 0.64316 0.70642 0.76515 0.82064 0.87518 0.93074 0.98913 1.04905 1.11236 1.17335 1.23737 1.29536 1.35649 1.41095 1.46839 1.52092 1.57567 1.62774 1.68109 1.73311 1.78542 1.83659 1.88696 1.93576 1.98313 2.02935 2.07600 2.12623 2.18455 2.25461 2.33663 2.42879 2.53172
0.07756 0.15201 0.22318 0.29256 0.36198 0.43237 0.50326 0.57317 0.64034 0.70354 0.76264 0.81881 0.87392 0.93011 0.98783 1.04894 1.10961 1.17424 1.23392 1.29779 1.35397 1.41437 1.46763 1.52435 1.57641 1.63069 1.68262 1.73555 1.78716 1.83858 1.88861 1.93747 1.98483 2.03138 2.07865 2.12985 2.18912 2.25948 2.34074 2.43130 2.53199
0.07707 0.15127 0.22247 0.29194 0.36129 0.43134 0.50168 0.57100 0.63777 0.70092 0.76035 0.81707 0.87285 0.92906 0.98764 1.04693 1.11049 1.17102 1.23682 1.29506 1.35890 1.41365 1.47342 1.52588 1.58192 1.63371 1.68750 1.73921 1.79148 1.84233 1.89253 1.94119 1.98872 2.03553 2.08345 2.13554 2.19561 2.26612 2.34662 2.43572 2.53440
0.07666 0.15064 0.22185 0.29138 0.36064 0.43036 0.50020 0.56900 0.63542 0.69852 0.75825 0.81549 0.87165 0.92856 0.98623 1.04754 1.10774 1.17394 1.23397 1.30106 1.35808 1.42195 1.47565 1.53474 1.58667 1.64202 1.69361 1.74679 1.79805 1.84937 1.89914 1.94797 1.99550 2.04270 2.09121 2.14411 2.20485 2.27541 2.35515 2.44291 2.53977
0.07631 0.15010 0.22130 0.29087 0.36003 0.42944 0.49882 0.56715 0.63326 0.69634 0.75631 0.81397 0.87070 0.92743 0.98641 1.04539 1.11019 1.17108 1.24033 1.30000 1.36848 1.42465 1.48837 1.54132 1.59957 1.65114 1.70570 1.75703 1.80939 1.85991 1.91003 1.95861 2.00640 2.05386 2.10300 2.15663 2.21793 2.28846 2.36746 2.45398 2.54918
0.07602 0.14964 0.22082 0.29039 0.35945 0.42858 0.49753 0.56545 0.63128 0.69433 0.75453 0.81259 0.86955 0.92711 0.98480 1.04702 1.10747 1.17699 1.23888 1.31154 1.37125 1.44093 1.49653 1.55968 1.61202 1.66921 1.72047 1.77415 1.82501 1.87633 1.92587 1.97476 2.02252 2.07042 2.12008 2.17441 2.23615 2.30658 2.38487 2.47024 2.56392
0.12677 0.22011 0.28968 0.35862 0.42748 0.49606 0.56359 0.62918 0.69220 0.75260 0.80236 0.83964 0.86823 0.89685 0.93412 0.98510 1.04421 1.11180 1.17458 1.24991 1.31338 1.38944 1.44954 1.51976 1.57481 1.63681 1.68858 1.74454 1.79543 1.84808 1.89824 1.94837 1.99692 2.04504 2.09318 2.14343 2.19834 2.26047 2.33075 2.43528 2.58401
0.11774 0.21305 0.28912 0.35795 0.42656 0.49479 0.56198 0.62736 0.69035 0.74831 0.79745 0.83581 0.86698 0.89816 0.93725 0.98583 1.04727 1.10922 1.18471 1.25096 1.33246 1.39802 1.47672 1.53713 1.60683 1.66112 1.72145 1.77261 1.82723 1.87764 1.92911 1.97842 2.02745 2.07550 2.12410 2.17481 2.23028 2.29270 2.37125 2.47692 2.61337
0.11198 0.20756 0.28667 0.35731 0.42568 0.49359 0.56048 0.62565 0.68783 0.74462 0.79312 0.83251 0.86581 0.89945 0.93862 0.98937 1.04567 1.11740 1.18436 1.26902 1.33947 1.42638 1.49395 1.57370 1.63387 1.70184 1.75504 1.81337 1.86391 1.91715 1.96691 2.01717 2.06571 2.11422 2.16302 2.21428 2.27021 2.33555 2.41764 2.52239 2.65070
0.10800 0.20300 0.28399 0.35614 0.42485 0.49248 0.55909 0.62384 0.68528 0.74116 0.78937 0.82962 0.86485 0.89987 0.94135 0.98916 1.05216 1.11602 1.20010 1.27338 1.36643 1.44082 1.53105 1.59972 1.67850 1.73750 1.80276 1.85464 1.91089 1.96081 2.01264 2.06169 2.11096 2.15930 2.20861 2.26025 2.31748 2.38519 2.46916 2.57212 2.69455
0.10503 0.19926 0.28131 0.35471 0.42392 0.49144 0.55773 0.62201 0.68275 0.73796 0.78604 0.82714 0.86374 0.90090 0.94161 0.99396 1.05080 1.12895 1.20152 1.29727 1.37625 1.47493 1.55181 1.64237 1.71060 1.78646 1.84335 1.90536 1.95597 2.01023 2.05952 2.11006 2.15858 2.20753 2.25696 2.30938 2.36796 2.43759 2.52233 2.62341 2.74126
0.10269 0.19611 0.27877 0.35315 0.42288 0.49041 0.55639 0.62017 0.68029 0.73499 0.78308 0.82488 0.86301 0.90071 0.94456 0.99306 1.06057 1.12810 1.22176 1.30196 1.40546 1.48774 1.58795 1.66514 1.75306 1.81912 1.89066 1.94487 2.00362 2.05316 2.10565 2.15437 2.20397 2.25260 2.30267 2.35578 2.41575 2.48678 2.57172 2.67097 2.78509
0.10080 0.19342 0.27641 0.35153 0.42176 0.48935 0.55506 0.61836 0.67793 0.73224 0.78039 0.82295 0.86192 0.90176 0.94394 0.99957 1.05868 1.14457 1.22206 1.32619 1.41035 1.51616 1.59870 1.69638 1.77161 1.85465 1.91705 1.98364 2.03524 2.09108 2.13986 2.19086 2.23931 2.28878 2.33902 2.39310 2.45425 2.52631 2.61109 2.70864 2.81963
0.09922 0.19109 0.27423 0.34991 0.42058 0.48826 0.55373 0.61659 0.67567 0.72969 0.77797 0.82109 0.86140 0.90105 0.94754 0.99765 1.07106 1.14188 1.24210 1.32493 1.43228 1.51622 1.61925 1.69943 1.79176 1.86319 1.94004 1.99796 2.05978 2.10935 2.16279 2.21111 2.26116 2.31011 2.36119 2.41600 2.47827 2.55102 2.63546 2.73143 2.83972
0.09788 0.18905 0.27222 0.34832 0.41936 0.48712 0.55239 0.61485 0.67352 0.72731 0.77574 0.81953 0.86027 0.90235 0.94598 1.00575 1.06714 1.15841 1.23692 1.34250 1.42520 1.52961 1.61035 1.70734 1.78348 1.86901 1.93534 2.00566 2.05921 2.11695 2.16529 2.21693 2.26527 2.31540 2.36661 2.42240 2.48554 2.55877 2.64274 2.73725 2.84319
0.09672 0.18724 0.27036 0.34677 0.41811 0.48596 0.55104 0.61316 0.67148 0.72511 0.77372 0.81792 0.85995 0.90109 0.95036 1.00211 1.07999 1.15129 1.25194 1.33173 1.43496 1.51391 1.61171 1.68785 1.77756 1.84876 1.92699 1.98760 2.05188 2.10202 2.15658 2.20446 2.25508 2.30441 2.35664 2.41303 2.47700 2.55052 2.63395 2.72711 2.83097
0.09571 0.18562 0.26865 0.34526 0.41685 0.48476 0.54970 0.61152 0.66954 0.72304 0.77181 0.81665 0.85871 0.90272 0.94762 1.01082 1.07277 1.16462 1.23988 1.34030 1.41670 1.51328 1.58714 1.67717 1.74842 1.83077 1.89656 1.96769 2.02280 2.08204 2.13016 2.18253 2.23074 2.28166 2.33386 2.39118 2.45573 2.52942 2.61228 2.70419 2.80619
0.09481 0.18417 0.26705 0.34380 0.41558 0.48355 0.54835 0.60992 0.66770 0.72112 0.77009 0.81518 0.85860 0.90087 0.95249 1.00498 1.08407 1.15284 1.24866 1.32218 1.41671 1.48799 1.57656 1.64545 1.72810 1.79465 1.86998 1.93018 1.99495 2.04568 2.10112 2.14860 2.19988 2.24960 2.30299 2.36072 2.42588 2.49960 2.58188 2.67263 2.77295
0.09400 0.18284 0.26556 0.34240 0.41431 0.48232 0.54701 0.60836 0.66594 0.71931 0.76843 0.81412 0.85719 0.90278 0.94850 1.01325 1.07380 1.16214 1.23199 1.32401 1.39308 1.47985 1.54618 1.62729 1.69191 1.76801 1.83002 1.89889 1.95380 2.01333 2.06140 2.11434 2.16243 2.21419 2.26731 2.32592 2.39142 2.46514 2.54683 2.63650 2.73528
0.09328 0.18163 0.26417 0.34104 0.41305 0.48109 0.54567 0.60684 0.66426 0.71760 0.76692 0.81274 0.85726 0.90037 0.95344 1.00558 1.08287 1.14762 1.23613 1.30314 1.38825 1.45270 1.53206 1.59437 1.66923 1.73024 1.80053 1.85807 1.92126 1.97187 2.02748 2.07474 2.12659 2.17670 2.23116 2.28998 2.35592 2.42953 2.51064 2.59931 2.69669
0.09262 0.18051 0.26286 0.33973 0.41181 0.47985 0.54435 0.60537 0.66266 0.71599 0.76544 0.81184 0.85571 0.90246 0.94851 1.01293 1.07105 1.15378 1.21823 1.30165 1.36481 1.44284 1.50356 1.57681 1.63604 1.70573 1.76346 1.82856 1.88189 1.94040 1.98835 2.04148 2.08959 2.14209 2.19603 2.25567 2.32178 2.39529 2.47582 2.56355 2.65964
0.15249 0.26142 0.33827 0.41038 0.47843 0.54284 0.60373 0.66092 0.71427 0.76391 0.80374 0.83289 0.85495 0.87710 0.90506 0.95098 1.00215 1.07593 1.13664 1.21767 1.27959 1.35668 1.41655 1.48862 1.54659 1.61503 1.67179 1.73705 1.79159 1.85216 1.90202 1.95705 2.00428 2.05648 2.10702 2.16239 2.22206 2.28849 2.36180 2.46908 2.62273
0.14106 0.25232 0.33702 0.40914 0.47718 0.54153 0.60231 0.65943 0.71278 0.76055 0.80008 0.83024 0.85436 0.87790 0.91017 0.94894 1.00910 1.06471 1.14146 1.20164 1.27781 1.33710 1.40854 1.46599 1.53342 1.58935 1.65390 1.70844 1.76977 1.82131 1.87812 1.92589 1.97879 2.02713 2.08021 2.13488 2.19530 2.26176 2.34330 2.45218 2.59356
0.13367 0.24504 0.33345 0.40791 0.47593 0.54022 0.60091 0.65796 0.71075 0.75769 0.79683 0.82795 0.85364 0.88013 0.91006 0.95538 1.00254 1.07123 1.12865 1.20324 1.26178 1.33286 1.39016 1.45710 1.51280 1.57663 1.63088 1.69213 1.74448 1.80238 1.85147 1.90549 1.95291 2.00522 2.05628 2.11237 2.17268 2.24202 2.32715 2.43544 2.56871
0.12846 0.23890 0.32954 0.40600 0.47469 0.53892 0.59954 0.65638 0.70866 0.75498 0.79402 0.82588 0.85341 0.88004 0.91449 0.95248 1.00935 1.06175 1.13275 1.18998 1.26060 1.31769 1.38452 1.44037 1.50386 1.55816 1.61907 1.67175 1.73007 1.78035 1.83541 1.88313 1.93557 1.98435 2.03784 2.09317 2.15501 2.22647 2.31359 2.42035 2.54779
0.12447 0.23375 0.32562 0.40373 0.47326 0.53765 0.59816 0.65473 0.70656 0.75246 0.79149 0.82416 0.85253 0.88203 0.91341 0.95821 1.00338 1.06738 1.12205 1.19139 1.24790 1.31470 1.37075 1.43425 1.48895 1.54971 1.60276 1.66115 1.71228 1.76802 1.81668 1.86968 1.91748 1.96976 2.02145 2.07834 2.14099 2.21440 2.30237 2.40745 2.53034
0.12128 0.22935 0.32187 0.40126 0.47165 0.53631 0.59675 0.65305 0.70449 0.75008 0.78923 0.82245 0.85246 0.88142 0.91728 0.95507 1.00930 1.05939 1.12553 1.18075 1.24723 1.30317 1.36687 1.42206 1.48296 1.53660 1.59508 1.64692 1.70306 1.75275 1.80637 1.85428 1.90626 1.95564 2.00951 2.06613 2.13038 2.20499 2.29329 2.39669 2.51588
0.11864 0.22552 0.31835 0.39870 0.46990 0.53490 0.59530 0.65135 0.70247 0.74785 0.78712 0.82112 0.85153 0.88318 0.91581 0.96011 1.00404 1.06421 1.11687 1.18213 1.23744 1.30122 1.35670 1.41793 1.47229 1.53104 1.58365 1.64013 1.69077 1.74494 1.79357 1.84574 1.89409 1.94636 1.99894 2.05715 2.12214 2.19783 2.28604 2.38786 2.50395
0.11640 0.22216 0.31506 0.39613 0.46803 0.53341 0.59382 0.64966 0.70050 0.74574 0.78523 0.81966 0.85156 0.88236 0.91922 0.95710 1.00917 1.05764 1.11994 1.17382 1.23725 1.29259 1.35413 1.40910 1.46829 1.52176 1.57866 1.63024 1.68492 1.73449 1.78708 1.83539 1.88703 1.93717 1.99166 2.04988 2.11613 2.19238 2.28034 2.38067 2.49409
0.11447 0.21915 0.31199 0.39358 0.46610 0.53183 0.59229 0.64796 0.69860 0.74376 0.78343 0.81859 0.85065 0.88394 0.91769 0.96152 1.00470 1.06184 1.11310 1.17523 1.22981 1.29142 1.34667 1.40634 1.46065 1.51809 1.57063 1.62586 1.67643 1.72956 1.77843 1.83004 1.87903 1.93147 1.98519 2.04479 2.11159 2.18835 2.27590 2.37485 2.48593
0.11276 0.21645 0.30911 0.39109 0.46411 0.53018 0.59072 0.64628 0.69676 0.74188 0.78181 0.81732 0.85073 0.88307 0.92069 0.95884 1.00917 1.05656 1.11589 1.16884 1.22999 1.28499 1.34500 1.39992 1.45796 1.51148 1.56734 1.61895 1.67268 1.72241 1.77434 1.82315 1.87466 1.92569 1.98098 2.04073 2.10843 2.18538 2.27248 2.37013 2.47915
0.11124 0.21400 0.30642 0.38866 0.46210 0.52847 0.58911 0.64460 0.69497 0.74011 0.78024 0.81643 0.84990 0.88449 0.91926 0.96271 1.00548 1.06026 1.11056 1.17029 1.22437 1.28438 1.33950 1.39808 1.45244 1.50900 1.56165 1.61607 1.66679 1.71925 1.76849 1.81979 1.86950 1.92231 1.97723 2.03807 2.10614 2.18329 2.26985 2.36631 2.47347
0.10988 0.21176 0.30390 0.38629 0.46007 0.52673 0.58747 0.64292 0.69323 0.73841 0.77883 0.81531 0.85000 0.88366 0.92190 0.96042 1.00940 1.05607 1.11311 1.16542 1.22480 1.27957 1.33845 1.39338 1.45062 1.50425 1.55942 1.61118 1.66431 1.71432 1.76587 1.81524 1.86683 1.91880 1.97496 2.03602 2.10470 2.18183 2.26786 2.36319 2.46868
0.10864 0.20969 0.30152 0.38400 0.45805 0.52495 0.58580 0.64126 0.69155 0.73680 0.77744 0.81455 0.84924 0.88492 0.92064 0.96380 1.00640 1.05936 1.10899 1.16687 1.22057 1.27933 1.33438 1.39215 1.44658 1.50253 1.55533 1.60922 1.66017 1.71223 1.76191 1.81312 1.86357 1.91689 1.97295 2.03484 2.10376 2.18089 2.26636 2.36065 2.46461
0.10750 0.20778 0.29927 0.38178 0.45604 0.52315 0.58412 0.63960 0.68990 0.73525 0.77619 0.81356 0.84935 0.88418 0.92295 0.96190 1.00984 1.05607 1.11134 1.16315 1.22117 1.27573 1.33374 1.38867 1.44531 1.49906 1.55377 1.60573 1.65848 1.70882 1.76018 1.81013 1.86197 1.91486 1.97189 2.03402 2.10332 2.18032 2.26525 2.35856 2.46111
0.10646 0.20599 0.29714 0.37963 0.45404 0.52133 0.58243 0.63796 0.68830 0.73378 0.77494 0.81290 0.84867 0.88529 0.92187 0.96486 1.00744 1.05900 1.10816 1.16459 1.21796 1.27574 1.33069 1.38783 1.44233 1.49784 1.55079 1.60434 1.65554 1.70739 1.75749 1.80878 1.85996 1.91388 1.97098 2.03373 2.10317 2.18006 2.26444 2.35682 2.45807
0.17355 0.29489 0.37732 0.45184 0.51929 0.58050 0.63610 0.68651 0.72592 0.75393 0.77404 0.79347 0.81750 0.84858 0.88445 0.92370 0.96311 1.01027 1.05623 1.11013 1.16156 1.21846 1.27283 1.33013 1.38503 1.44123 1.49508 1.54946 1.60161 1.65415 1.70481 1.75614 1.80665 1.85885 1.91263 1.97046 2.03345 2.10312 2.17981 2.29230 2.45447
0.16008 0.28401 0.37531 0.44992 0.51750 0.57882 0.63450 0.68312 0.72237 0.75140 0.77365 0.79467 0.81948 0.84976 0.88549 0.92288 0.96577 1.00844 1.05893 1.10775 1.16302 1.21611 1.27307 1.32790 1.38455 1.43907 1.49425 1.54734 1.60067 1.65211 1.70388 1.75440 1.80588 1.85776 1.91232 1.97032 2.03375 2.10350 2.18871 2.30306 2.45238
0.15127 0.27515 0.37069 0.44800 0.51569 0.57712 0.63232 0.68021 0.71917 0.74920 0.77310 0.79562 0.82091 0.85133 0.88553 0.92471 0.96458 1.01117 1.05699 1.10980 1.16092 1.21692 1.27108 1.32780 1.38264 1.43848 1.49239 1.54656 1.59888 1.65130 1.70227 1.75369 1.80473 1.85738 1.91197 1.97053 2.03418 2.10675 2.19577 2.30965 2.45048
0.14499 0.26765 0.36567 0.44531 0.51389 0.57525 0.63008 0.67745 0.71637 0.74721 0.77251 0.79627 0.82232 0.85220 0.88706 0.92421 0.96692 1.00973 1.05941 1.10798 1.16232 1.21514 1.27143 1.32611 1.38234 1.43685 1.49179 1.54498 1.59818 1.64984 1.70162 1.75254 1.80431 1.85685 1.91204 1.97082 2.03565 2.11054 2.20166 2.31404 2.44875
0.14012 0.26129 0.36065 0.44222 0.51181 0.57330 0.62780 0.67484 0.71384 0.74541 0.77189 0.79680 0.82327 0.85363 0.88734 0.92606 0.96604 1.01216 1.05791 1.10987 1.16072 1.21597 1.26992 1.32613 1.38089 1.43643 1.49039 1.54439 1.59686 1.64925 1.70051 1.75209 1.80364 1.85678 1.91210 1.97159 2.03764 2.11443 2.20652 2.31723 2.44717
0.13620 0.25580 0.35585 0.43888 0.50948 0.57122 0.62553 0.67236 0.71152 0.74376 0.77128 0.79711 0.82432 0.85439 0.88889 0.92584 0.96818 1.01105 1.06008 1.10847 1.16204 1.21462 1.27032 1.32484 1.38070 1.43519 1.48992 1.54320 1.59632 1.64819 1.70005 1.75135 1.80346 1.85662 1.91251 1.97265 2.04000 2.11816 2.21064 2.31966 2.44572
0.13291 0.25100 0.35131 0.43542 0.50694 0.56902 0.62327 0.67001 0.70936 0.74223 0.77064 0.79739 0.82500 0.85567 0.88926 0.92762 0.96757 1.01323 1.05892 1.11020 1.16083 1.21544 1.26917 1.32494 1.37959 1.43488 1.48885 1.54274 1.59534 1.64774 1.69928 1.75109 1.80313 1.85679 1.91303 1.97404 2.04251 2.12169 2.21416 2.32158 2.44438
0.13010 0.24673 0.34704 0.43194 0.50424 0.56671 0.62101 0.66775 0.70735 0.74080 0.77002 0.79751 0.82581 0.85632 0.89074 0.92759 0.96956 1.01241 1.06088 1.10913 1.16206 1.21440 1.26960 1.32395 1.37949 1.43392 1.48849 1.54183 1.59492 1.64698 1.69897 1.75064 1.80313 1.85696 1.91382 1.97560 2.04509 2.12498 2.21723 2.32313 2.44314
0.12764 0.24290 0.34302 0.42847 0.50143 0.56431 0.61874 0.66557 0.70544 0.73944 0.76939 0.79764 0.82632 0.85746 0.89115 0.92928 0.96918 1.01440 1.06001 1.11071 1.16114 1.21520 1.26872 1.32410 1.37863 1.43369 1.48766 1.54146 1.59418 1.64664 1.69845 1.75051 1.80306 1.85738 1.91473 1.97734 2.04767 2.12804 2.21993 2.32441 2.44197
0.12547 0.23942 0.33924 0.42506 0.49856 0.56184 0.61647 0.66346 0.70363 0.73815 0.76878 0.79765 0.82697 0.85802 0.89253 0.92937 0.97102 1.01381 1.06180 1.10990 1.16229 1.21442 1.26916 1.32333 1.37858 1.43294 1.48737 1.54076 1.59385 1.64609 1.69824 1.75028 1.80322 1.85783 1.91581 1.97914 2.05021 2.13088 2.22233 2.32549 2.44088
0.12351 0.23623 0.33568 0.42171 0.49566 0.55932 0.61420 0.66140 0.70189 0.73691 0.76816 0.79768 0.82735 0.85902 0.89295 0.93096 0.97081 1.01565 1.06115 1.11136 1.16159 1.21518 1.26848 1.32351 1.37791 1.43278 1.48672 1.54047 1.59329 1.64584 1.69791 1.75028 1.80337 1.85847 1.91698 1.98103 2.05267 2.13352 2.22449 2.32641 2.43985
0.12174 0.23330 0.33230 0.41845 0.49275 0.55676 0.61192 0.65938 0.70022 0.73572 0.76756 0.79762 0.82787 0.85952 0.89422 0.93112 0.97253 1.01524 1.06280 1.11075 1.16268 1.21459 1.26893 1.32292 1.37791 1.43218 1.48650 1.53992 1.59303 1.64544 1.69780 1.75023 1.80370 1.85914 1.91826 1.98292 2.05506 2.13598 2.22643 2.32720 2.43888
0.12012 0.23057 0.32910 0.41527 0.48986 0.55420 0.60964 0.65739 0.69859 0.73457 0.76695 0.79759 0.82817 0.86041 0.89463 0.93261 0.97244 1.01694 1.06233 1.11211 1.16215 1.21532 1.26841 1.32313 1.37738 1.43207 1.48598 1.53968 1.59260 1.64527 1.69761 1.75034 1.80403 1.85995 1.91959 1.98483 2.05737 2.13828 2.22819 2.32788 2.43795
0.11862 0.22802 0.32605 0.41217 0.48698 0.55163 0.60738 0.65543 0.69700 0.73344 0.76635 0.79748 0.82860 0.86084 0.89580 0.93282 0.97404 1.01669 1.06386 1.11166 1.16317 1.21487 1.26886 1.32267 1.37741 1.43160 1.48581 1.53926 1.59241 1.64500 1.69758 1.75043 1.80449 1.86080 1.92098 1.98673 2.05958 2.14042 2.22980 2.32847 2.43707
0.11722 0.22563 0.32315 0.40917 0.48414 0.54906 0.60512 0.65350 0.69545 0.73234 0.76575 0.79740 0.82882 0.86163 0.89619 0.93420 0.97404 1.01826 1.06354 1.11292 1.16279 1.21558 1.26847 1.32288 1.37700 1.43152 1.48540 1.53907 1.59209 1.64489 1.69752 1.75065 1.80497 1.86173 1.92239 1.98861 2.06170 2.14243 2.23128 2.32900 2.43623
0.18966 0.32009 0.40598 0.48107 0.54624 0.60259 0.65131 0.69364 0.72596 0.74869 0.76513 0.78121 0.80175 0.82894 0.86178 0.89703 0.93421 0.97530 1.01789 1.06473 1.11238 1.16351 1.21501 1.26867 1.32229 1.37682 1.43091 1.48503 1.53851 1.59171 1.64449 1.69733 1.75063 1.80530 1.86246 1.92360 1.99022 2.06350 2.14408 2.26266 2.43444
0.17454 0.30770 0.40318 0.47836 0.54375 0.60040 0.64946 0.69067 0.72308 0.74678 0.76498 0.78251 0.80373 0.83062 0.86257 0.89750 0.93558 0.97547 1.01945 1.06462 1.11365 1.16333 1.21578 1.26847 1.32262 1.37659 1.43095 1.48480 1.53846 1.59158 1.64454 1.69746 1.75103 1.80600 1.86357 1.92514 1.99212 2.06555 2.15507 2.27574 2.43394
0.16455 0.29750 0.39756 0.47567 0.54127 0.59820 0.64714 0.68804 0.72044 0.74508 0.76472 0.78356 0.80538 0.83214 0.86341 0.89855 0.93592 0.97693 1.01947 1.06602 1.11352 1.16432 1.21561 1.26898 1.32242 1.37674 1.43073 1.48477 1.53828 1.59156 1.64452 1.69767 1.75143 1.80674 1.86469 1.92667 1.99397 2.07032 2.16391 2.28417 2.43339
0.15736 0.28881 0.39150 0.47217 0.53881 0.59589 0.64478 0.68551 0.71810 0.74355 0.76443 0.78440 0.80683 0.83346 0.86462 0.89912 0.93719 0.97713 1.02092 1.06598 1.11471 1.16421 1.21635 1.26884 1.32274 1.37656 1.43079 1.48460 1.53826 1.59148 1.64462 1.69787 1.75190 1.80750 1.86585 1.92820 1.99667 2.07549 2.17134 2.29010 2.43284
0.15175 0.28139 0.38546 0.46824 0.53609 0.59352 0.64238 0.68309 0.71595 0.74215 0.76411 0.78509 0.80804 0.83481 0.86557 0.90029 0.93758 0.97850 1.02101 1.06731 1.11466 1.16515 1.21625 1.26934 1.32261 1.37673 1.43063 1.48461 1.53814 1.59151 1.64468 1.69814 1.75238 1.80831 1.86701 1.93001 1.99980 2.08062 2.17755 2.29459 2.43230
0.14718 0.27494 0.37968 0.46405 0.53312 0.59103 0.63998 0.68076 0.71395 0.74086 0.76377 0.78563 0.80915 0.83596 0.86680 0.90096 0.93882 0.97874 1.02237 1.06734 1.11579 1.16511 1.21696 1.26926 1.32293 1.37661 1.43071 1.48448 1.53815 1.59149 1.64483 1.69841 1.75292 1.80914 1.86829 1.93205 2.00318 2.08547 2.18285 2.29816 2.43176
0.14333 0.26925 0.37420 0.45977 0.52993 0.58843 0.63758 0.67851 0.71206 0.73964 0.76342 0.78608 0.81009 0.83716 0.86774 0.90216 0.93928 0.98005 1.02251 1.06859 1.11580 1.16601 1.21692 1.26975 1.32285 1.37680 1.43061 1.48452 1.53809 1.59156 1.64495 1.69874 1.75347 1.81003 1.86968 1.93429 2.00663 2.09000 2.18743 2.30107 2.43123
0.14000 0.26418 0.36905 0.45548 0.52660 0.58572 0.63517 0.67633 0.71027 0.73848 0.76305 0.78643 0.81097 0.83816 0.86893 0.90288 0.94052 0.98035 1.02380 1.06867 1.11687 1.16602 1.21761 1.26972 1.32317 1.37672 1.43070 1.48444 1.53813 1.59159 1.64514 1.69908 1.75407 1.81098 1.87120 1.93667 2.01006 2.09420 2.19145 2.30352 2.43072
0.13709 0.25960 0.36419 0.45123 0.52318 0.58292 0.63274 0.67420 0.70856 0.73738 0.76266 0.78674 0.81172 0.83922 0.86982 0.90407 0.94103 0.98161 1.02399 1.06986 1.11693 1.16689 1.21762 1.27020 1.32314 1.37692 1.43064 1.48450 1.53812 1.59170 1.64533 1.69947 1.75470 1.81201 1.87282 1.93914 2.01343 2.09809 2.19500 2.30560 2.43021
0.13449 0.25542 0.35962 0.44706 0.51970 0.58004 0.63029 0.67210 0.70691 0.73631 0.76227 0.78696 0.81244 0.84010 0.87095 0.90479 0.94225 0.98196 1.02522 1.06999 1.11796 1.16694 1.21828 1.27021 1.32346 1.37688 1.43076 1.48447 1.53819 1.59178 1.64557 1.69986 1.75539 1.81311 1.87454 1.94164 2.01669 2.10169 2.19818 2.30740 2.42972
0.13214 0.25159 0.35529 0.44299 0.51620 0.57712 0.62783 0.67004 0.70530 0.73527 0.76186 0.78716 0.81305 0.84104 0.87179 0.90595 0.94279 0.98318 1.02546 1.07112 1.11806 1.16777 1.21832 1.27069 1.32346 1.37709 1.43073 1.48456 1.53822 1.59193 1.64580 1.70032 1.75612 1.81429 1.87632 1.94416 2.01983 2.10504 2.20105 2.30898 2.42923
0.13000 0.24804 0.35120 0.43903 0.51271 0.57417 0.62535 0.66800 0.70373 0.73425 0.76145 0.78730 0.81365 0.84182 0.87284 0.90666 0.94397 0.98357 1.02664 1.07129 1.11904 1.16786 1.21897 1.27073 1.32379 1.37709 1.43087 1.48456 1.53833 1.59206 1.64609 1.70079 1.75691 1.81553 1.87816 1.94666 2.02285 2.10815 2.20364 2.31037 2.42876
0.12804 0.24474 0.34732 0.43518 0.50925 0.57120 0.62286 0.66597 0.70219 0.73325 0.76102 0.78741 0.81415 0.84266 0.87362 0.90777 0.94453 0.98476 1.02691 1.07238 1.11917 1.16867 1.21905 1.27120 1.32382 1.37731 1.43087 1.48467 1.53839 1.59225 1.64638 1.70131 1.75774 1.81682 1.88004 1.94913 2.02574 2.11105 2.20601 2.31161 2.42830
0.12622 0.24166 0.34363 0.43145 0.50583 0.56823 0.62037 0.66395 0.70066 0.73226 0.76058 0.78748 0.81465 0.84334 0.87459 0.90846 0.94567 0.98516 1.02806 1.07258 1.12012 1.16878 1.21968 1.27127 1.32416 1.37734 1.43103 1.48471 1.53853 1.59242 1.64672 1.70186 1.75863 1.81816 1.88193 1.95157 2.02851 2.11376 2.20818 2.31272 2.42784
0.12453 0.23875 0.34011 0.42783 0.50246 0.56528 0.61788 0.66194 0.69915 0.73128 0.76013 0.78753 0.81506 0.84409 0.87532 0.90952 0.94623 0.98632 1.02835 1.07363 1.12028 1.16957 1.21978 1.27174 1.32421 1.37757 1.43106 1.48485 1.53863 1.59265 1.64707 1.70245 1.75956 1.81955 1.88384 1.95395 2.03115 2.11631 2.21019 2.31373 2.42740
0.20032 0.33643 0.42400 0.49883 0.56202 0.61508 0.65962 0.69733 0.72565 0.74536 0.75957 0.77348 0.79135 0.81520 0.84442 0.87595 0.90991 0.94706 0.98646 1.02919 1.07358 1.12092 1.16943 1.22012 1.27155 1.32427 1.37734 1.43096 1.48464 1.53853 1.59259 1.64719 1.70280 1.76025 1.82068 1.88546 1.95600 2.03340 2.11841 2.24380 2.42591
0.18401 0.32296 0.42066 0.49563 0.55917 0.61266 0.65768 0.69459 0.72312 0.74374 0.75950 0.77469 0.79318 0.81687 0.84520 0.87672 0.91102 0.94771 0.98768 1.02961 1.07470 1.12121 1.17029 1.22034 1.27212 1.32446 1.37769 1.43113 1.48490 1.53877 1.59296 1.64770 1.70357 1.76136 1.82222 1.88746 1.95837 2.03592 2.13037 2.25804 2.42577
0.17319 0.31180 0.41434 0.49246 0.55631 0.61022 0.65532 0.69213 0.72077 0.74229 0.75933 0.77567 0.79474 0.81829 0.84618 0.87764 0.91173 0.94886 0.98819 1.03076 1.07502 1.12218 1.17053 1.22103 1.27230 1.32488 1.37784 1.43139 1.48508 1.53905 1.59331 1.64823 1.70434 1.76248 1.82375 1.88942 1.96065 2.04128 2.14006 2.26734 2.42554
0.16534 0.30227 0.40758 0.48845 0.55349 0.60769 0.65291 0.68973 0.71867 0.74096 0.75912 0.77649 0.79609 0.81961 0.84731 0.87845 0.91277 0.94948 0.98935 1.03117 1.07610 1.12246 1.17135 1.22125 1.27285 1.32506 1.37818 1.43156 1.48534 1.53931 1.59370 1.64878 1.70515 1.76363 1.82531 1.89136 1.96381 2.04705 2.14824 2.27398 2.42531
0.15920 0.29410 0.40085 0.48399 0.55040 0.60511 0.65047 0.68742 0.71671 0.73973 0.75888 0.77715 0.79726 0.82088 0.84836 0.87948 0.91347 0.95058 0.98986 1.03230 1.07643 1.12341 1.17160 1.22192 1.27305 1.32548 1.37835 1.43185 1.48555 1.53962 1.59409 1.64937 1.70598 1.76480 1.82686 1.89358 1.96742 2.05276 2.15513 2.27908 2.42507
0.15417 0.28698 0.39441 0.47927 0.54705 0.60241 0.64802 0.68518 0.71486 0.73859 0.75862 0.77769 0.79831 0.82204 0.84950 0.88035 0.91452 0.95118 0.99098 1.03271 1.07747 1.12369 1.17241 1.22215 1.27359 1.32567 1.37869 1.43204 1.48584 1.53991 1.59452 1.64996 1.70685 1.76599 1.82851 1.89603 1.97128 2.05818 2.16105 2.28318 2.42482
0.14992 0.28070 0.38832 0.47447 0.54350 0.59959 0.64556 0.68299 0.71311 0.73749 0.75833 0.77815 0.79924 0.82317 0.85052 0.88142 0.91525 0.95227 0.99148 1.03380 1.07781 1.12462 1.17267 1.22282 1.27381 1.32610 1.37889 1.43234 1.48607 1.54026 1.59496 1.65059 1.70773 1.76722 1.83027 1.89869 1.97520 2.06324 2.16620 2.28659 2.42457
0.14625 0.27507 0.38257 0.46967 0.53979 0.59666 0.64308 0.68085 0.71142 0.73644 0.75802 0.77852 0.80008 0.82419 0.85162 0.88230 0.91631 0.95287 0.99257 1.03421 1.07883 1.12491 1.17346 1.22305 1.27434 1.32630 1.37924 1.43255 1.48638 1.54058 1.59543 1.65124 1.70864 1.76852 1.83216 1.90148 1.97910 2.06796 2.17074 2.28947 2.42432
0.14301 0.26998 0.37717 0.46493 0.53600 0.59364 0.64056 0.67874 0.70979 0.73543 0.75770 0.77883 0.80083 0.82519 0.85259 0.88336 0.91705 0.95394 0.99307 1.03527 1.07917 1.12582 1.17372 1.22371 1.27456 1.32674 1.37944 1.43287 1.48664 1.54096 1.59590 1.65191 1.70959 1.76988 1.83416 1.90436 1.98292 2.07233 2.17478 2.29197 2.42407
0.14012 0.26534 0.37207 0.46029 0.53216 0.59054 0.63802 0.67666 0.70820 0.73443 0.75735 0.77907 0.80153 0.82609 0.85363 0.88422 0.91810 0.95456 0.99414 1.03568 1.08016 1.12612 1.17450 1.22395 1.27510 1.32695 1.37980 1.43310 1.48697 1.54131 1.59641 1.65261 1.71059 1.77132 1.83624 1.90727 1.98662 2.07640 2.17842 2.29416 2.42381
0.13751 0.26107 0.36726 0.45577 0.52831 0.58738 0.63544 0.67459 0.70665 0.73346 0.75699 0.77928 0.80214 0.82698 0.85454 0.88526 0.91884 0.95562 0.99464 1.03672 1.08050 1.12701 1.17477 1.22461 1.27533 1.32739 1.38003 1.43343 1.48726 1.54172 1.59693 1.65335 1.71163 1.77283 1.83840 1.91018 1.99019 2.08019 2.18172 2.29609 2.42356
0.13513 0.25712 0.36271 0.45137 0.52447 0.58420 0.63285 0.67252 0.70511 0.73249 0.75662 0.77944 0.80272 0.82778 0.85551 0.88610 0.91989 0.95623 0.99570 1.03713 1.08148 1.12730 1.17554 1.22485 1.27587 1.32762 1.38040 1.43368 1.48762 1.54211 1.59748 1.65411 1.71273 1.77441 1.84060 1.91308 1.99362 2.08373 2.18472 2.29783 2.42331
0.13294 0.25345 0.35839 0.44711 0.52067 0.58100 0.63024 0.67045 0.70359 0.73153 0.75623 0.77956 0.80323 0.82858 0.85635 0.88711 0.92062 0.95728 0.99620 1.03816 1.08182 1.12818 1.17581 1.22550 1.27610 1.32806 1.38064 1.43404 1.48794 1.54255 1.59804 1.65491 1.71388 1.77604 1.84284 1.91594 1.99691 2.08703 2.18748 2.29939 2.42306
0.13091 0.25001 0.35428 0.44297 0.51691 0.57779 0.62761 0.66839 0.70207 0.73058 0.75582 0.77965 0.80372 0.82929 0.85726 0.88791 0.92164 0.95789 0.99725 1.03856 1.08278 1.12848 1.17657 1.22576 1.27664 1.32830 1.38103 1.43431 1.48832 1.54298 1.59865 1.65575 1.71507 1.77771 1.84509 1.91875 2.00006 2.09014 2.19002 2.30081 2.42282
0.12902 0.24677 0.35037 0.43897 0.51322 0.57460 0.62498 0.66632 0.70056 0.72962 0.75540 0.77971 0.80415 0.83000 0.85804 0.88888 0.92235 0.95893 0.99774 1.03958 1.08312 1.12935 1.17685 1.22640 1.27689 1.32876 1.38128 1.43468 1.48867 1.54346 1.59927 1.65663 1.71630 1.77943 1.84735 1.92150 2.00308 2.09305 2.19238 2.30211 2.42257
0.20681 0.34629 0.43475 0.50925 0.57109 0.62202 0.66391 0.69870 0.72444 0.74216 0.75483 0.76720 0.78306 0.80425 0.83033 0.85859 0.88933 0.92305 0.95922 0.99847 1.03968 1.08377 1.12934 1.17730 1.22636 1.27713 1.32870 1.38138 1.43468 1.48877 1.54363 1.59962 1.65723 1.71728 1.78086 1.84930 1.92388 2.00567 2.09550 2.22822 2.42119
0.18976 0.33215 0.43106 0.50575 0.56801 0.61946 0.66190 0.69609 0.72211 0.74071 0.75479 0.76830 0.78472 0.80579 0.83108 0.85941 0.89037 0.92384 0.96035 0.99906 1.04079 1.08421 1.13031 1.17768 1.22711 1.27749 1.32927 1.38176 1.43518 1.48926 1.54426 1.60040 1.65829 1.71870 1.78274 1.85165 1.92661 2.00855 2.10836 2.24351 2.42124
0.17842 0.32040 0.42431 0.50229 0.56493 0.61687 0.65951 0.69370 0.71993 0.73938 0.75464 0.76919 0.78614 0.80710 0.83204 0.86028 0.89116 0.92489 0.96100 1.00016 1.04126 1.08523 1.13068 1.17851 1.22744 1.27811 1.32961 1.38225 1.43557 1.48977 1.54484 1.60119 1.65933 1.72012 1.78459 1.85395 1.92924 2.01441 2.11880 2.25358 2.42119
0.17017 0.31034 0.41712 0.49796 0.56189 0.61420 0.65707 0.69138 0.71795 0.73816 0.75445 0.76993 0.78737 0.80833 0.83309 0.86112 0.89212 0.92562 0.96209 1.00072 1.04233 1.08564 1.13161 1.17886 1.22817 1.27845 1.33016 1.38262 1.43607 1.49026 1.54549 1.60200 1.66043 1.72157 1.78646 1.85622 1.93278 2.02071 2.12766 2.26081 2.42113
0.16369 0.30171 0.40997 0.49318 0.55857 0.61148 0.65459 0.68912 0.71609 0.73702 0.75423 0.77053 0.78844 0.80950 0.83411 0.86208 0.89290 0.92665 0.96272 1.00180 1.04280 1.08665 1.13198 1.17969 1.22851 1.27908 1.33050 1.38313 1.43648 1.49081 1.54612 1.60285 1.66154 1.72304 1.78833 1.85878 1.93681 2.02695 2.13516 2.26642 2.42106
0.15838 0.29418 0.40313 0.48814 0.55499 0.60865 0.65210 0.68692 0.71433 0.73593 0.75397 0.77102 0.78940 0.81058 0.83516 0.86297 0.89388 0.92735 0.96378 1.00234 1.04386 1.08705 1.13290 1.18003 1.22923 1.27941 1.33106 1.38350 1.43700 1.49132 1.54680 1.60370 1.66268 1.72452 1.79030 1.86159 1.94108 2.03287 2.14162 2.27096 2.42098
0.15388 0.28752 0.39665 0.48302 0.55121 0.60570 0.64959 0.68476 0.71263 0.73489 0.75369 0.77143 0.79025 0.81162 0.83615 0.86396 0.89467 0.92836 0.96439 1.00340 1.04430 1.08805 1.13325 1.18085 1.22956 1.28005 1.33141 1.38402 1.43743 1.49190 1.54747 1.60460 1.66384 1.72606 1.79239 1.86461 1.94543 2.03842 2.14727 2.27475 2.42089
0.14998 0.28155 0.39054 0.47791 0.54728 0.60263 0.64706 0.68263 0.71099 0.73388 0.75339 0.77176 0.79102 0.81258 0.83717 0.86485 0.89565 0.92906 0.96544 1.00392 1.04535 1.08843 1.13418 1.18118 1.23029 1.28038 1.33198 1.38441 1.43797 1.49244 1.54818 1.60550 1.66504 1.72765 1.79461 1.86778 1.94975 2.04360 2.15227 2.27800 2.42079
0.14655 0.27615 0.38480 0.47287 0.54326 0.59947 0.64448 0.68053 0.70940 0.73290 0.75306 0.77203 0.79171 0.81350 0.83811 0.86584 0.89644 0.93007 0.96603 1.00498 1.04578 1.08943 1.13452 1.18201 1.23061 1.28102 1.33234 1.38495 1.43843 1.49305 1.54889 1.60644 1.66627 1.72933 1.79694 1.87103 1.95398 2.04842 2.15674 2.28083 2.42070
0.14348 0.27122 0.37938 0.46794 0.53919 0.59622 0.64187 0.67844 0.70783 0.73192 0.75271 0.77224 0.79234 0.81435 0.83907 0.86671 0.89743 0.93075 0.96707 1.00547 1.04682 1.08980 1.13544 1.18233 1.23135 1.28136 1.33292 1.38535 1.43899 1.49363 1.54965 1.60739 1.66755 1.73107 1.79937 1.87431 1.95809 2.05291 2.16078 2.28332 2.42059
0.14070 0.26668 0.37427 0.46314 0.53512 0.59293 0.63923 0.67635 0.70629 0.73096 0.75235 0.77241 0.79291 0.81517 0.83995 0.86768 0.89821 0.93176 0.96765 1.00652 1.04723 1.09079 1.13577 1.18317 1.23167 1.28201 1.33328 1.38591 1.43947 1.49427 1.55040 1.60839 1.66888 1.73289 1.80187 1.87760 1.96206 2.05711 2.16445 2.28555 2.42049
0.13816 0.26248 0.36943 0.45847 0.53107 0.58960 0.63656 0.67425 0.70475 0.73000 0.75196 0.77254 0.79343 0.81592 0.84085 0.86852 0.89919 0.93243 0.96868 1.00700 1.04827 1.09115 1.13669 1.18348 1.23241 1.28235 1.33388 1.38633 1.44005 1.49488 1.55121 1.60941 1.67026 1.73478 1.80442 1.88087 1.96588 2.06103 2.16781 2.28756 2.42038
0.13583 0.25857 0.36484 0.45395 0.52706 0.58625 0.63386 0.67216 0.70322 0.72904 0.75156 0.77263 0.79390 0.81665 0.84167 0.86946 0.89995 0.93344 0.96924 1.00805 1.04867 1.09214 1.13701 1.18432 1.23273 1.28301 1.33425 1.38691 1.44056 1.49556 1.55201 1.61049 1.67169 1.73673 1.80700 1.88409 1.96955 2.06471 2.17091 2.28939 2.42027
0.13367 0.25491 0.36048 0.44957 0.52310 0.58290 0.63115 0.67005 0.70169 0.72808 0.75114 0.77269 0.79434 0.81732 0.84252 0.87026 0.90092 0.93410 0.97028 1.00851 1.04971 1.09248 1.13794 1.18463 1.23348 1.28335 1.33487 1.38735 1.44118 1.49621 1.55287 1.61158 1.67318 1.73872 1.80960 1.88727 1.97307 2.06818 2.17378 2.29106 2.42017
0.13166 0.25147 0.35632 0.44533 0.51920 0.57956 0.62843 0.66794 0.70016 0.72711 0.75069 0.77271 0.79473 0.81798 0.84327 0.87117 0.90165 0.93510 0.97083 1.00956 1.05008 1.09348 1.13825 1.18548 1.23380 1.28403 1.33525 1.38795 1.44171 1.49693 1.55373 1.61274 1.67471 1.74076 1.81220 1.89038 1.97645 2.07144 2.17645 2.29260 2.42006
0.21061 0.35200 0.44088 0.51503 0.57589 0.62536 0.66546 0.69827 0.72224 0.73856 0.75012 0.76135 0.77568 0.79477 0.81826 0.84374 0.87161 0.90229 0.93542 0.97154 1.00968 1.05081 1.09348 1.13887 1.18545 1.23425 1.28406 1.33557 1.38809 1.44204 1.49729 1.55432 1.61359 1.67597 1.74250 1.81448 1.89310 1.97938 2.07421 2.21460 2.41871
0.19311 0.33746 0.43697 0.51134 0.57267 0.62270 0.66340 0.69573 0.72003 0.73721 0.75009 0.76235 0.77718 0.79618 0.81896 0.84455 0.87259 0.90310 0.93652 0.97217 1.01085 1.05127 1.09460 1.13926 1.18642 1.23466 1.28486 1.33607 1.38882 1.44271 1.49816 1.55535 1.61493 1.67768 1.74470 1.81716 1.89617 1.98260 2.08798 2.23091 2.41889
0.18145 0.32535 0.42996 0.50770 0.56944 0.62002 0.66098 0.69339 0.71794 0.73596 0.74993 0.76315 0.77846 0.79735 0.81985 0.84536 0.87338 0.90410 0.93720 0.97328 1.01133 1.05240 1.09497 1.14029 1.18678 1.23551 1.28528 1.33679 1.38937 1.44346 1.49896 1.55639 1.61624 1.67940 1.74687 1.81979 1.89913 1.98897 2.09919 2.24172 2.41896
0.17295 0.31498 0.42250 0.50318 0.56626 0.61725 0.65851 0.69111 0.71604 0.73479 0.74974 0.76381 0.77957 0.79848 0.82081 0.84617 0.87429 0.90485 0.93826 0.97385 1.01247 1.05281 1.09607 1.14063 1.18773 1.23589 1.28607 1.33727 1.39010 1.44414 1.49985 1.55745 1.61762 1.68115 1.74906 1.82240 1.90307 1.99579 2.10873 2.24952 2.41903
0.16627 0.30607 0.41509 0.49820 0.56280 0.61445 0.65600 0.68888 0.71424 0.73369 0.74950 0.76434 0.78054 0.79954 0.82176 0.84706 0.87506 0.90583 0.93891 0.97496 1.01294 1.05394 1.09642 1.14167 1.18807 1.23677 1.28649 1.33802 1.39067 1.44492 1.50070 1.55855 1.61900 1.68292 1.75125 1.82530 1.90750 2.00256 2.11682 2.25561 2.41908
0.16079 0.29828 0.40800 0.49296 0.55908 0.61153 0.65348 0.68669 0.71252 0.73264 0.74924 0.76477 0.78140 0.80053 0.82273 0.84791 0.87598 0.90654 0.93996 0.97550 1.01408 1.05432 1.09753 1.14199 1.18904 1.23713 1.28729 1.33851 1.39142 1.44562 1.50163 1.55966 1.62043 1.68470 1.75354 1.82847 1.91221 2.00900 2.12383 2.26056 2.41912
0.15614 0.29139 0.40129 0.48764 0.55515 0.60849 0.65094 0.68454 0.71086 0.73162 0.74894 0.76511 0.78216 0.80147 0.82365 0.84883 0.87675 0.90751 0.94058 0.97660 1.01451 1.05547 1.09784 1.14305 1.18936 1.23802 1.28771 1.33928 1.39201 1.44645 1.50252 1.56082 1.62186 1.68655 1.75596 1.83187 1.91699 2.01504 2.12997 2.26473 2.41916
0.15211 0.28521 0.39497 0.48234 0.55108 0.60534 0.64837 0.68242 0.70924 0.73062 0.74862 0.76539 0.78285 0.80235 0.82458 0.84968 0.87768 0.90820 0.94162 0.97711 1.01565 1.05581 1.09897 1.14334 1.19035 1.23838 1.28854 1.33977 1.39279 1.44718 1.50349 1.56197 1.62335 1.68845 1.75853 1.83542 1.92175 2.02069 2.13542 2.26831 2.41919
0.14855 0.27962 0.38901 0.47711 0.54692 0.60208 0.64576 0.68031 0.70766 0.72964 0.74827 0.76561 0.78347 0.80318 0.82546 0.85060 0.87845 0.90918 0.94221 0.97822 1.01605 1.05697 1.09926 1.14442 1.19065 1.23930 1.28896 1.34057 1.39340 1.44804 1.50442 1.56318 1.62486 1.69044 1.76120 1.83905 1.92641 2.02597 2.14032 2.27145 2.41921
0.14537 0.27451 0.38340 0.47200 0.54272 0.59875 0.64310 0.67821 0.70609 0.72867 0.74790 0.76577 0.78403 0.80396 0.82634 0.85143 0.87939 0.90986 0.94325 0.97869 1.01721 1.05728 1.10041 1.14469 1.19167 1.23964 1.28982 1.34108 1.39422 1.44881 1.50545 1.56440 1.62644 1.69250 1.76399 1.84273 1.93094 2.03089 2.14475 2.27424 2.41923
0.14249 0.26981 0.37810 0.46703 0.53851 0.59536 0.64041 0.67610 0.70455 0.72770 0.74751 0.76589 0.78453 0.80470 0.82716 0.85233 0.88014 0.91084 0.94382 0.97981 1.01757 1.05847 1.10066 1.14580 1.19195 1.24059 1.29023 1.34191 1.39485 1.44972 1.50643 1.56568 1.62806 1.69466 1.76684 1.84642 1.93533 2.03551 2.14880 2.27675 2.41925
0.13986 0.26545 0.37308 0.46220 0.53433 0.59194 0.63768 0.67399 0.70301 0.72673 0.74710 0.76598 0.78499 0.80539 0.82799 0.85313 0.88108 0.91150 0.94487 0.98025 1.01875 1.05874 1.10185 1.14604 1.19300 1.24092 1.29113 1.34243 1.39571 1.45052 1.50751 1.56697 1.62976 1.69687 1.76976 1.85008 1.93956 2.03984 2.15253 2.27903 2.41927
0.13744 0.26139 0.36833 0.45752 0.53018 0.58850 0.63493 0.67186 0.70146 0.72575 0.74667 0.76602 0.78540 0.80605 0.82875 0.85401 0.88181 0.91249 0.94541 0.98138 1.01907 1.05996 1.10207 1.14719 1.19327 1.24191 1.29154 1.34331 1.39637 1.45148 1.50855 1.56834 1.63150 1.69917 1.77271 1.85370 1.94363 2.04392 2.15598 2.28111 2.41929
0.13520 0.25760 0.36381 0.45299 0.52610 0.58506 0.63217 0.66973 0.69992 0.72477 0.74622 0.76603 0.78578 0.80666 0.82953 0.85477 0.88274 0.91312 0.94648 0.98179 1.02028 1.06019 1.10329 1.14740 1.19436 1.24224 1.29248 1.34384 1.39728 1.45232 1.50970 1.56972 1.63331 1.70151 1.77569 1.85726 1.94755 2.04776 2.15919 2.28304 2.41931
0.13312 0.25403 0.35950 0.44860 0.52208 0.58163 0.62939 0.66758 0.69836 0.72378 0.74574 0.76602 0.78612 0.80726 0.83024 0.85562 0.88344 0.91412 0.94698 0.98295 1.02057 1.06145 1.10347 1.14859 1.19461 1.24327 1.29290 1.34476 1.39796 1.45334 1.51080 1.57118 1.63516 1.70390 1.77867 1.86077 1.95133 2.05141 2.16218 2.28482 2.41934
0.21266 0.35504 0.44401 0.51778 0.57787 0.62625 0.66506 0.69644 0.72242 0.74185 0.75552 0.76564 0.77571 0.78911 0.80747 0.83064 0.85601 0.88403 0.91439 0.94774 0.98299 1.02148 1.06131 1.10441 1.14845 1.19542 1.24326 1.29356 1.34498 1.39860 1.45390 1.51170 1.57232 1.63675 1.70600 1.78132 1.86387 1.95464 2.05453 2.20270 2.41801
0.19491 0.34026 0.43997 0.51398 0.57455 0.62353 0.66296 0.69494 0.72056 0.74021 0.75453 0.76569 0.77677 0.79067 0.80901 0.83139 0.85694 0.88481 0.91550 0.94831 0.98428 1.02182 1.06271 1.10466 1.14980 1.19574 1.24445 1.29408 1.34606 1.39942 1.45509 1.51298 1.57398 1.63879 1.70856 1.78439 1.86734 1.95824 2.06928 2.22006 2.41834
0.18306 0.32794 0.43280 0.51021 0.57123 0.62078 0.66081 0.69310 0.71882 0.73865 0.75361 0.76569 0.77764 0.79204 0.81026 0.83241 0.85768 0.88578 0.91613 0.94948 0.98466 1.02317 1.06292 1.10604 1.15001 1.19701 1.24481 1.29519 1.34669 1.40051 1.45610 1.51435 1.57560 1.64087 1.71110 1.78741 1.87069 1.96517 2.08130 2.23166 2.41855
0.17442 0.31738 0.42518 0.50558 0.56796 0.61805 0.65858 0.69121 0.71712 0.73724 0.75278 0.76568 0.77840 0.79322 0.81149 0.83339 0.85862 0.88648 0.91720 0.94998 0.98595 1.02343 1.06434 1.10622 1.15139 1.19728 1.24604 1.29569 1.34780 1.40134 1.45732 1.51567 1.57732 1.64296 1.71367 1.79040 1.87507 1.97260 2.09158 2.24006 2.41878
0.16762 0.30830 0.41762 0.50047 0.56444 0.61530 0.65630 0.68926 0.71544 0.73591 0.75202 0.76565 0.77905 0.79428 0.81261 0.83445 0.85944 0.88746 0.91780 0.95117 0.98629 1.02482 1.06451 1.10767 1.15156 1.19862 1.24639 1.29687 1.34846 1.40249 1.45839 1.51713 1.57903 1.64511 1.71624 1.79372 1.87999 1.97997 2.10033 2.24668 2.41899
0.16203 0.30036 0.41038 0.49512 0.56068 0.61245 0.65397 0.68730 0.71378 0.73464 0.75131 0.76560 0.77962 0.79523 0.81370 0.83543 0.86044 0.88816 0.91888 0.95161 0.98762 1.02502 1.06598 1.10778 1.15301 1.19885 1.24768 1.29736 1.34963 1.40336 1.45969 1.51852 1.58082 1.64726 1.71894 1.79733 1.88522 1.98700 2.10795 2.25211 2.41920
0.15730 0.29334 0.40353 0.48970 0.55672 0.60949 0.65160 0.68531 0.71215 0.73342 0.75062 0.76554 0.78011 0.79610 0.81470 0.83646 0.86127 0.88918 0.91944 0.95283 0.98790 1.02647 1.06609 1.10931 1.15314 1.20027 1.24802 1.29862 1.35031 1.40459 1.46082 1.52006 1.58261 1.64951 1.72178 1.80120 1.89053 1.99363 2.11466 2.25672 2.41942
0.15318 0.28703 0.39708 0.48431 0.55262 0.60640 0.64916 0.68331 0.71053 0.73224 0.74996 0.76545 0.78054 0.79689 0.81567 0.83739 0.86228 0.88987 0.92055 0.95322 0.98926 1.02661 1.06764 1.10937 1.15468 1.20047 1.24941 1.29912 1.35157 1.40551 1.46221 1.52153 1.58450 1.65181 1.72479 1.80523 1.89583 1.99986 2.12066 2.26072 2.41965
0.14955 0.28133 0.39101 0.47900 0.54845 0.60321 0.64666 0.68130 0.70893 0.73108 0.74932 0.76535 0.78093 0.79763 0.81656 0.83838 0.86309 0.89091 0.92108 0.95448 0.98949 1.02812 1.06767 1.11099 1.15476 1.20199 1.24973 1.30047 1.35228 1.40683 1.46341 1.52316 1.58639 1.65424 1.72793 1.80938 1.90104 2.00570 2.12609 2.26427 2.41988
0.14631 0.27611 0.38529 0.47382 0.54424 0.59994 0.64410 0.67926 0.70733 0.72994 0.74868 0.76522 0.78127 0.79830 0.81745 0.83926 0.86410 0.89159 0.92222 0.95482 0.99091 1.02819 1.06931 1.11099 1.15641 1.20216 1.25122 1.30098 1.35363 1.40780 1.46489 1.52472 1.58842 1.65675 1.73121 1.81359 1.90614 2.01120 2.13105 2.26747 2.42014
0.14337 0.27132 0.37990 0.46879 0.54002 0.59660 0.64148 0.67720 0.70574 0.72882 0.74804 0.76508 0.78157 0.79894 0.81825 0.84020 0.86488 0.89265 0.92272 0.95613 0.99107 1.02979 1.06929 1.11272 1.15644 1.20381 1.25154 1.30244 1.35438 1.40923 1.46618 1.52648 1.59047 1.65940 1.73457 1.81783 1.91110 2.01639 2.13563 2.27040 2.42041
0.14069 0.26688 0.37480 0.46391 0.53583 0.59321 0.63881 0.67511 0.70415 0.72770 0.74741 0.76493 0.78184 0.79952 0.81906 0.84102 0.86588 0.89329 0.92390 0.95642 0.99256 1.02979 1.07103 1.11266 1.15822 1.20395 1.25316 1.30297 1.35585 1.41026 1.46778 1.52816 1.59267 1.66211 1.73804 1.82206 1.91592 2.02130 2.13988 2.27310 2.42070
0.13822 0.26274 0.36996 0.45918 0.53168 0.58980 0.63611 0.67299 0.70255 0.72658 0.74677 0.76475 0.78207 0.80008 0.81978 0.84192 0.86662 0.89437 0.92436 0.95778 0.99265 1.03149 1.07093 1.11452 1.15821 1.20573 1.25348 1.30457 1.35665 1.41182 1.46916 1.53007 1.59488 1.66496 1.74156 1.82628 1.92060 2.02596 2.14387 2.27562 2.42103
0.13594 0.25888 0.36538 0.45460 0.52759 0.58639 0.63337 0.67086 0.70094 0.72546 0.74613 0.76456 0.78228 0.80058 0.82052 0.84268 0.86760 0.89497 0.92558 0.95802 0.99424 1.03141 1.07281 1.11440 1.16014 1.20585 1.25526 1.30513 1.35827 1.41293 1.47091 1.53190 1.59727 1.66786 1.74514 1.83046 1.92515 2.03042 2.14763 2.27800 2.42138
0.13381 0.25525 0.36101 0.45018 0.52356 0.58297 0.63061 0.66870 0.69932 0.72434 0.74548 0.76436 0.78245 0.80107 0.82118 0.84354 0.86830 0.89607 0.92598 0.95945 0.99425 1.03322 1.07263 1.11642 1.16008 1.20781 1.25557 1.30689 1.35912 1.41465 1.47241 1.53398 1.59966 1.67088 1.74875 1.83462 1.92957 2.03469 2.15120 2.28027 2.42178
0.21365 0.35650 0.44554 0.51925 0.57922 0.62748 0.66617 0.69733 0.72286 0.74164 0.75457 0.76389 0.77305 0.78499 0.80118 0.82153 0.84391 0.86894 0.89629 0.92692 0.95928 0.99561 1.03273 1.07433 1.11590 1.16187 1.20757 1.25720 1.30716 1.36058 1.41553 1.47400 1.53563 1.60191 1.67360 1.75208 1.83841 1.93356 2.03847 2.19437 2.42072
0.19577 0.34162 0.44147 0.51544 0.57591 0.62477 0.66404 0.69576 0.72094 0.73997 0.75356 0.76391 0.77396 0.78634 0.80252 0.82223 0.84484 0.86969 0.89750 0.92736 0.96089 0.99564 1.03478 1.07417 1.11820 1.16186 1.20983 1.25763 1.30921 1.36161 1.41752 1.47574 1.53800 1.60458 1.67688 1.75585 1.84259 1.93787 2.05451 2.21308 2.42151
0.18384 0.32921 0.43426 0.51167 0.57259 0.62201 0.66186 0.69387 0.71915 0.73838 0.75263 0.76385 0.77469 0.78752 0.80362 0.82316 0.84554 0.87070 0.89806 0.92874 0.96104 0.99750 1.03459 1.07642 1.11800 1.16423 1.20996 1.25986 1.30990 1.36365 1.41890 1.47791 1.54022 1.60740 1.68013 1.75963 1.84669 1.94574 2.06771 2.22582 2.42221
0.17514 0.31858 0.42659 0.50701 0.56931 0.61926 0.65961 0.69193 0.71740 0.73694 0.75177 0.76377 0.77532 0.78853 0.80470 0.82405 0.84647 0.87136 0.89926 0.92908 0.96270 0.99740 1.03676 1.07615 1.12046 1.16415 1.21241 1.26026 1.31215 1.36473 1.42106 1.47976 1.54276 1.61021 1.68350 1.76341 1.85194 1.95416 2.07913 2.23521 2.42297
0.16829 0.30944 0.41899 0.50188 0.56578 0.61650 0.65729 0.68995 0.71568 0.73557 0.75096 0.76366 0.77584 0.78945 0.80568 0.82503 0.84723 0.87239 0.89975 0.93051 0.96276 0.99939 1.03647 1.07859 1.12019 1.16675 1.21253 1.26274 1.31289 1.36700 1.42257 1.48215 1.54515 1.61321 1.68688 1.76760 1.85779 1.96259 2.08897 2.24279 2.42377
0.16266 0.30145 0.41171 0.49651 0.56200 0.61364 0.65494 0.68794 0.71398 0.73426 0.75019 0.76353 0.77629 0.79026 0.80665 0.82591 0.84820 0.87302 0.90097 0.93076 0.96452 0.99919 1.03881 1.07822 1.12287 1.16661 1.21522 1.26314 1.31537 1.36816 1.42496 1.48416 1.54789 1.61617 1.69050 1.77213 1.86401 1.97069 2.09769 2.24915 2.42462
0.15789 0.29438 0.40482 0.49106 0.55802 0.61065 0.65253 0.68592 0.71231 0.73300 0.74945 0.76338 0.77667 0.79100 0.80753 0.82687 0.84896 0.87409 0.90141 0.93226 0.96447 1.00132 1.03841 1.08087 1.12252 1.16946 1.21530 1.26587 1.31616 1.37067 1.42659 1.48677 1.55044 1.61940 1.69425 1.77700 1.87037 1.97844 2.10548 2.25471 2.42553
0.15375 0.28803 0.39833 0.48564 0.55391 0.60755 0.65007 0.68388 0.71065 0.73177 0.74872 0.76320 0.77699 0.79167 0.80840 0.82770 0.84995 0.87470 0.90268 0.93243 0.96634 1.00100 1.04093 1.08039 1.12543 1.16926 1.21825 1.26628 1.31890 1.37191 1.42921 1.48892 1.55340 1.62260 1.69829 1.78206 1.87678 1.98579 2.11259 2.25968 2.42649
0.15010 0.28229 0.39222 0.48031 0.54971 0.60433 0.64754 0.68183 0.70901 0.73056 0.74801 0.76301 0.77727 0.79230 0.80918 0.82863 0.85068 0.87580 0.90305 0.93401 0.96619 1.00329 1.04041 1.08325 1.12500 1.17235 1.21830 1.26927 1.31972 1.37468 1.43095 1.49176 1.55614 1.62612 1.70245 1.78732 1.88313 1.99280 2.11912 2.26422 2.42751
0.14683 0.27704 0.38647 0.47510 0.54547 0.60103 0.64495 0.67976 0.70737 0.72936 0.74730 0.76281 0.77751 0.79286 0.80997 0.82941 0.85168 0.87636 0.90438 0.93408 0.96819 1.00285 1.04313 1.08267 1.12814 1.17208 1.22150 1.26967 1.32272 1.37598 1.43381 1.49405 1.55934 1.62960 1.70685 1.79264 1.88940 1.99946 2.12520 2.26841 2.42858
0.14387 0.27221 0.38104 0.47003 0.54123 0.59766 0.64230 0.67766 0.70573 0.72818 0.74660 0.76258 0.77771 0.79339 0.81067 0.83029 0.85237 0.87750 0.90469 0.93576 0.96791 1.00531 1.04249 1.08575 1.12761 1.17540 1.22150 1.27290 1.32354 1.37898 1.43564 1.49711 1.56227 1.63341 1.71130 1.79805 1.89552 2.00582 2.13089 2.27233 2.42969
0.14117 0.26774 0.37591 0.46512 0.53702 0.59425 0.63960 0.67554 0.70410 0.72701 0.74589 0.76234 0.77788 0.79387 0.81139 0.83101 0.85336 0.87801 0.90608 0.93573 0.97005 1.00474 1.04540 1.08504 1.13095 1.17503 1.22490 1.27325 1.32676 1.38030 1.43870 1.49951 1.56570 1.63713 1.71592 1.80342 1.90152 2.01188 2.13625 2.27602 2.43082
0.13868 0.26358 0.37105 0.46036 0.53284 0.59081 0.63686 0.67339 0.70245 0.72584 0.74519 0.76208 0.77802 0.79433 0.81201 0.83186 0.85400 0.87918 0.90632 0.93752 0.96966 1.00738 1.04463 1.08831 1.13030 1.17853 1.22480 1.27667 1.32754 1.38349 1.44056 1.50275 1.56877 1.64114 1.72050 1.80879 1.90733 2.01767 2.14129 2.27951 2.43197
0.13638 0.25969 0.36643 0.45575 0.52872 0.58737 0.63409 0.67121 0.70079 0.72466 0.74448 0.76181 0.77814 0.79474 0.81268 0.83253 0.85499 0.87963 0.90778 0.93739 0.97194 1.00667 1.04771 1.08746 1.13380 1.17804 1.22835 1.27691 1.33090 1.38475 1.44377 1.50520 1.57236 1.64497 1.72519 1.81403 1.91297 2.02318 2.14606 2.28280 2.43310
0.13424 0.25604 0.36203 0.45130 0.52466 0.58392 0.63130 0.66901 0.69913 0.72348 0.74375 0.76152 0.77822 0.79514 0.81324 0.83334 0.85558 0.88083 0.90794 0.93928 0.97143 1.00946 1.04680 1.09087 1.13300 1.18164 1.22810 1.28042 1.33155 1.38805 1.44556 1.50854 1.57547 1.64906 1.72974 1.81921 1.91839 2.02843 2.15054 2.28589 2.43420
0.21430 0.35749 0.44664 0.52032 0.58014 0.62814 0.66645 0.69710 0.72194 0.74001 0.75230 0.76102 0.76952 0.78046 0.79516 0.81352 0.83362 0.85623 0.88089 0.90914 0.93872 0.97351 1.00829 1.04969 1.08955 1.13624 1.18064 1.23135 1.28014 1.33462 1.38883 1.44850 1.51060 1.57877 1.65252 1.73400 1.82386 1.92327 2.03306 2.19653 2.43359
0.19635 0.34256 0.44254 0.51648 0.57680 0.62539 0.66428 0.69547 0.72001 0.73836 0.75131 0.76103 0.77033 0.78166 0.79635 0.81412 0.83450 0.85686 0.88222 0.90931 0.94082 0.97297 1.01131 1.04872 1.09312 1.13536 1.18434 1.23098 1.28372 1.33514 1.39221 1.45023 1.51403 1.58187 1.65663 1.73844 1.82881 1.92830 2.05043 2.21656 2.43486
0.18438 0.33010 0.43529 0.51267 0.57345 0.62260 0.66206 0.69355 0.71821 0.73679 0.75038 0.76094 0.77097 0.78271 0.79731 0.81497 0.83511 0.85790 0.88259 0.91096 0.94053 0.97556 1.01038 1.05208 1.09201 1.13898 1.18350 1.23455 1.28357 1.33853 1.39313 1.45348 1.51629 1.58547 1.66028 1.74284 1.83345 1.93692 2.06457 2.23023 2.43582
0.17564 0.31942 0.42758 0.50799 0.57014 0.61982 0.65976 0.69158 0.71645 0.73535 0.74951 0.76082 0.77152 0.78360 0.79828 0.81574 0.83600 0.85843 0.88392 0.91100 0.94269 0.97486 1.01346 1.05093 1.09555 1.13786 1.18707 1.23388 1.28698 1.33872 1.39635 1.45492 1.51957 1.58831 1.66414 1.74690 1.83914 1.94587 2.07670 2.24014 2.43667
0.16876 0.31024 0.41994 0.50282 0.56657 0.61702 0.65741 0.68957 0.71472 0.73398 0.74869 0.76067 0.77196 0.78441 0.79914 0.81664 0.83665 0.85948 0.88422 0.91273 0.94229 0.97754 1.01240 1.05429 1.09427 1.14138 1.18599 1.23727 1.28652 1.34191 1.39695 1.45801 1.52155 1.59170 1.66748 1.75132 1.84516 1.95466 2.08689 2.24796 2.43733
0.16310 0.30221 0.41262 0.49741 0.56276 0.61412 0.65503 0.68753 0.71301 0.73266 0.74791 0.76049 0.77233 0.78511 0.80001 0.81741 0.83758 0.85998 0.88557 0.91267 0.94452 0.97671 1.01550 1.05299 1.09771 1.14006 1.18936 1.23631 1.28969 1.34177 1.39995 1.45911 1.52460 1.59422 1.67114 1.75568 1.85143 1.96281 2.09569 2.25423 2.43780
0.15830 0.29510 0.40569 0.49193 0.55875 0.61110 0.65259 0.68549 0.71131 0.73138 0.74714 0.76029 0.77263 0.78577 0.80077 0.81829 0.83823 0.86107 0.88581 0.91444 0.94402 0.97944 1.01431 1.05629 1.09627 1.14340 1.18806 1.23945 1.28893 1.34470 1.40021 1.46196 1.52624 1.59737 1.67436 1.76033 1.85750 1.97039 2.10325 2.25944 2.43809
0.15414 0.28872 0.39917 0.48647 0.55460 0.60796 0.65010 0.68343 0.70964 0.73013 0.74639 0.76007 0.77289 0.78634 0.80155 0.81902 0.83918 0.86154 0.88720 0.91430 0.94630 0.97850 1.01739 1.05487 1.09956 1.14190 1.19119 1.23825 1.29182 1.34424 1.40294 1.46272 1.52906 1.59962 1.67800 1.76476 1.86347 1.97725 2.10987 2.26375 2.43819
0.15047 0.28295 0.39302 0.48111 0.55037 0.60471 0.64754 0.68136 0.70797 0.72890 0.74565 0.75983 0.77309 0.78688 0.80223 0.81987 0.83980 0.86267 0.88738 0.91612 0.94571 0.98124 1.01611 1.05806 1.09800 1.14502 1.18971 1.24111 1.29081 1.34690 1.40290 1.46533 1.53040 1.60264 1.68115 1.76935 1.86903 1.98357 2.11562 2.26740 2.43811
0.14718 0.27767 0.38724 0.47586 0.54610 0.60138 0.64492 0.67926 0.70631 0.72768 0.74491 0.75957 0.77326 0.78735 0.80294 0.82055 0.84076 0.86310 0.88881 0.91591 0.94802 0.98022 1.01911 1.05655 1.10110 1.14341 1.19258 1.23974 1.29343 1.34621 1.40539 1.46582 1.53303 1.60472 1.68475 1.77359 1.87442 1.98925 2.12072 2.27046 2.43788
0.14420 0.27281 0.38178 0.47076 0.54182 0.59798 0.64224 0.67713 0.70465 0.72648 0.74417 0.75930 0.77339 0.78781 0.80354 0.82137 0.84135 0.86425 0.88895 0.91777 0.94736 0.98293 1.01777 1.05959 1.09948 1.14630 1.19100 1.24235 1.29227 1.34863 1.40514 1.46823 1.53418 1.60766 1.68780 1.77796 1.87935 1.99451 2.12519 2.27308 2.43750
0.14149 0.26831 0.37661 0.46581 0.53757 0.59454 0.63952 0.67498 0.70299 0.72527 0.74343 0.75900 0.77350 0.78821 0.80419 0.82199 0.84230 0.86464 0.89041 0.91751 0.94967 0.98187 1.02067 1.05806 1.10237 1.14465 1.19363 1.24090 1.29466 1.34780 1.40744 1.46856 1.53672 1.60965 1.69131 1.78191 1.88413 1.99923 2.12920 2.27529 2.43701
0.13899 0.26413 0.37172 0.46102 0.53336 0.59107 0.63675 0.67281 0.70132 0.72407 0.74268 0.75869 0.77357 0.78859 0.80473 0.82278 0.84285 0.86580 0.89050 0.91938 0.94897 0.98451 1.01932 1.06093 1.10075 1.14731 1.19204 1.24329 1.29345 1.35004 1.40709 1.47087 1.53779 1.61255 1.69424 1.78599 1.88847 2.00364 2.13274 2.27720 2.43643
0.13667 0.26021 0.36707 0.45638 0.52920 0.58759 0.63395 0.67061 0.69964 0.72286 0.74193 0.75837 0.77362 0.78892 0.80531 0.82335 0.84379 0.86617 0.89198 0.91908 0.95125 0.98344 1.02209 1.05941 1.10345 1.14570 1.19447 1.24186 1.29566 1.34920 1.40928 1.47116 1.54030 1.61452 1.69766 1.78965 1.89272 2.00762 2.13598 2.27882 2.43578
0.13452 0.25653 0.36264 0.45190 0.52511 0.58412 0.63113 0.66838 0.69794 0.72165 0.74117 0.75803 0.77364 0.78925 0.80580 0.82410 0.84429 0.86733 0.89205 0.92095 0.95055 0.98599 1.02076 1.06211 1.10189 1.14817 1.19295 1.24409 1.29450 1.35132 1.40895 1.47343 1.54139 1.61741 1.70049 1.79347 1.89658 2.01140 2.13886 2.28026 2.43508
0.21470 0.35807 0.44721 0.52075 0.58031 0.62794 0.66579 0.69588 0.72008 0.73751 0.74926 0.75750 0.76549 0.77565 0.78920 0.80601 0.82430 0.84489 0.86733 0.89320 0.92031 0.95245 0.98462 1.02306 1.06034 1.10408 1.14632 1.19489 1.24243 1.29628 1.35023 1.41076 1.47346 1.54359 1.61906 1.70350 1.79654 1.90008 2.01449 2.18528 2.43257
0.19670 0.34310 0.44307 0.51688 0.57694 0.62517 0.66359 0.69423 0.71815 0.73590 0.74829 0.75750 0.76622 0.77675 0.79027 0.80653 0.82511 0.84545 0.86859 0.89333 0.92225 0.95185 0.98717 1.02190 1.06297 1.10271 1.14873 1.19358 1.24464 1.29534 1.35240 1.41065 1.47585 1.54486 1.62206 1.70635 1.80025 1.90365 2.03111 2.20445 2.43221
0.18468 0.33059 0.43579 0.51304 0.57356 0.62234 0.66134 0.69229 0.71636 0.73434 0.74738 0.75739 0.76680 0.77768 0.79112 0.80728 0.82565 0.84641 0.86894 0.89485 0.92199 0.95407 0.98622 1.02444 1.06167 1.10513 1.14740 1.19578 1.24351 1.29743 1.35184 1.41285 1.47640 1.54750 1.62414 1.70968 1.80350 1.91129 2.04430 2.21726 2.43161
0.17592 0.31987 0.42805 0.50832 0.57022 0.61953 0.65902 0.69030 0.71460 0.73291 0.74652 0.75725 0.76728 0.77849 0.79199 0.80798 0.82645 0.84691 0.87014 0.89494 0.92385 0.95347 0.98863 1.02333 1.06412 1.10386 1.14964 1.19461 1.24561 1.29663 1.35397 1.41287 1.47881 1.54886 1.62714 1.71244 1.80829 1.91922 2.05572 2.22616 2.43108
0.16901 0.31065 0.42037 0.50313 0.56662 0.61670 0.65665 0.68828 0.71286 0.73155 0.74569 0.75707 0.76766 0.77921 0.79276 0.80878 0.82705 0.84786 0.87047 0.89644 0.92361 0.95561 0.98776 1.02574 1.06296 1.10615 1.14848 1.19672 1.24467 1.29870 1.35360 1.41512 1.47954 1.55157 1.62929 1.71614 1.81333 1.92740 2.06513 2.23320 2.43053
0.16333 0.30259 0.41301 0.49768 0.56278 0.61378 0.65424 0.68623 0.71114 0.73023 0.74490 0.75686 0.76797 0.77983 0.79353 0.80947 0.82788 0.84835 0.87166 0.89652 0.92542 0.95505 0.99005 1.02474 1.06527 1.10503 1.15062 1.19573 1.24672 1.29810 1.35575 1.41534 1.48202 1.55307 1.63246 1.71963 1.81914 1.93489 2.07349 2.23871 2.43001
0.15852 0.29545 0.40605 0.49217 0.55874 0.61073 0.65178 0.68417 0.70945 0.72895 0.74412 0.75663 0.76822 0.78041 0.79422 0.81026 0.82849 0.84931 0.87198 0.89798 0.92520 0.95711 0.98926 1.02702 1.06425 1.10721 1.14962 1.19778 1.24598 1.30017 1.35560 1.41765 1.48293 1.55590 1.63494 1.72400 1.82466 1.94224 2.08057 2.24344 2.42951
0.15434 0.28904 0.39949 0.48668 0.55456 0.60757 0.64927 0.68210 0.70776 0.72769 0.74336 0.75638 0.76842 0.78091 0.79491 0.81092 0.82933 0.84981 0.87315 0.89807 0.92695 0.95661 0.99144 1.02613 1.06644 1.10625 1.15169 1.19697 1.24801 1.29978 1.35778 1.41808 1.48551 1.55763 1.63849 1.72801 1.83059 1.94882 2.08708 2.24736 2.42905
0.15064 0.28324 0.39332 0.48128 0.55029 0.60429 0.64669 0.68001 0.70609 0.72645 0.74259 0.75611 0.76857 0.78137 0.79552 0.81168 0.82993 0.85077 0.87347 0.89950 0.92676 0.95858 0.99075 1.02831 1.06556 1.10834 1.15087 1.19898 1.24747 1.30187 1.35784 1.42047 1.48663 1.56068 1.64138 1.73274 1.83602 1.95529 2.09271 2.25091 2.42861
0.14734 0.27793 0.38750 0.47600 0.54600 0.60094 0.64405 0.67790 0.70442 0.72522 0.74183 0.75581 0.76868 0.78178 0.79614 0.81230 0.83076 0.85126 0.87462 0.89960 0.92845 0.95815 0.99283 1.02754 1.06766 1.10754 1.15287 1.19836 1.24949 1.30168 1.36008 1.42110 1.48935 1.56272 1.64524 1.73698 1.84174 1.96104 2.09804 2.25393 2.42822
0.14435 0.27305 0.38201 0.47087 0.54169 0.59751 0.64135 0.67576 0.70275 0.72400 0.74107 0.75550 0.76876 0.78217 0.79668 0.81302 0.83135 0.85222 0.87496 0.90099 0.92831 0.96004 0.99224 1.02962 1.06692 1.10955 1.15223 1.20034 1.24914 1.30380 1.36035 1.42359 1.49073 1.56600 1.64845 1.74182 1.84690 1.96677 2.10270 2.25677 2.42785
0.14162 0.26853 0.37682 0.46589 0.53741 0.59405 0.63861 0.67359 0.70107 0.72278 0.74030 0.75517 0.76882 0.78250 0.79724 0.81361 0.83216 0.85271 0.87610 0.90112 0.92994 0.95968 0.99422 1.02898 1.06893 1.10891 1.15419 1.19990 1.25118 1.30381 1.36266 1.42444 1.49361 1.56833 1.65251 1.74612 1.85231 1.97185 2.10723 2.25923 2.42753
0.13910 0.26432 0.37189 0.46107 0.53318 0.59056 0.63582 0.67140 0.69939 0.72156 0.73953 0.75482 0.76884 0.78283 0.79773 0.81429 0.83273 0.85365 0.87644 0.90247 0.92984 0.96149 0.99374 1.03096 1.06833 1.11087 1.15370 1.20187 1.25101 1.30597 1.36313 1.42705 1.49524 1.57181 1.65592 1.75092 1.85713 1.97699 2.11120 2.26163 2.42723
0.13678 0.26038 0.36722 0.45641 0.52900 0.58706 0.63300 0.66918 0.69769 0.72034 0.73875 0.75445 0.76884 0.78310 0.79823 0.81484 0.83352 0.85414 0.87756 0.90263 0.93142 0.96121 0.99563 1.03044 1.07027 1.11037 1.15563 1.20160 1.25306 1.30616 1.36551 1.42812 1.49828 1.57438 1.66008 1.75516 1.86222 1.98151 2.11516 2.26372 2.42698
0.13461 0.25668 0.36277 0.45189 0.52488 0.58356 0.63016 0.66694 0.69598 0.71910 0.73796 0.75407 0.76881 0.78336 0.79867 0.81548 0.83407 0.85506 0.87791 0.90395 0.93137 0.96295 0.99524 1.03235 1.06980 1.11228 1.15530 1.20356 1.25306 1.30837 1.36617 1.43084 1.50014 1.57800 1.66359 1.75986 1.86672 1.98617 2.11863 2.26580 2.42675
0.21480 0.35818 0.44718 0.52049 0.57973 0.62696 0.66433 0.69390 0.71751 0.73440 0.74569 0.75354 0.76111 0.77064 0.78326 0.79880 0.81567 0.83451 0.85522 0.87867 0.90380 0.93256 0.96241 0.99674 1.03161 1.07136 1.11159 1.15688 1.20311 1.25481 1.30840 1.36831 1.43179 1.50299 1.58042 1.66746 1.76366 1.87118 1.98993 2.16775 2.42463
0.19677 0.34317 0.44302 0.51659 0.57634 0.62416 0.66212 0.69223 0.71560 0.73281 0.74474 0.75353 0.76178 0.77164 0.78422 0.79928 0.81637 0.83512 0.85621 0.87913 0.90518 0.93266 0.96417 0.99653 1.03354 1.07109 1.11355 1.15676 1.20517 1.25504 1.31076 1.36924 1.43471 1.50513 1.58422 1.67110 1.76831 1.87546 2.00811 2.18820 2.42490
0.18474 0.33063 0.43571 0.51273 0.57293 0.62132 0.65985 0.69027 0.71381 0.73127 0.74384 0.75340 0.76230 0.77249 0.78500 0.79994 0.81689 0.83591 0.85673 0.88024 0.90543 0.93417 0.96408 0.99833 1.03328 1.07298 1.11335 1.15871 1.20522 1.25720 1.31132 1.37184 1.43623 1.50847 1.58715 1.67532 1.77233 1.88430 2.02238 2.20232 2.42486
0.17595 0.31989 0.42794 0.50799 0.56957 0.61849 0.65751 0.68828 0.71205 0.72986 0.74298 0.75324 0.76273 0.77322 0.78578 0.80058 0.81758 0.83647 0.85766 0.88067 0.90674 0.93428 0.96575 0.99817 1.03512 1.07278 1.11525 1.15867 1.20727 1.25754 1.31371 1.37290 1.43922 1.51074 1.59096 1.67891 1.77815 1.89314 2.03514 2.21212 2.42496
0.16903 0.31064 0.42024 0.50277 0.56595 0.61564 0.65512 0.68625 0.71032 0.72850 0.74216 0.75304 0.76306 0.77387 0.78648 0.80128 0.81817 0.83724 0.85818 0.88175 0.90702 0.93575 0.96572 0.99991 1.03495 1.07462 1.11515 1.16062 1.20744 1.25974 1.31442 1.37559 1.44090 1.51415 1.59396 1.68352 1.78404 1.90254 2.04547 2.22021 2.42499
